3529
0 3.289
1 6.667
2 4.741
3 10.544
4 15.092
5 11.086
6 1.137
7 1.73
8 10.345
9 11
10 8.428
11 5.817
12 0.925
13 1.158
14 1.781
15 7.44
16 2.909
17 1.951
18 3.974
19 5.051
20 2.783
21 1.253
22 4.687
23 5.479
24 1.353
25 3.5
26 6.423
27 8.681
28 7.406
29 6.745
30 15.548
31 6.56
32 5.137
33 5.347
34 5.726
35 3.006
36 1.983
37 5.368
38 13.181
39 2.107
40 4.504
41 2.234
42 54.461
43 11.569
44 18.896
45 4.534
46 2.834
47 27.752
48 9.191
49 6.135
50 6.524
51 18.454
52 5.464
53 4.874
54 2.1
55 9.955
56 6.123
57 1.271
58 6.209
59 2.777
60 7.173
61 2.11
62 3.36
63 1.599
64 6.32
65 3.786
66 1.008
67 19.953
68 5.666
69 6.152
70 3.864
71 6.048
72 10.989
73 19.345
74 4.112
75 4.346
76 1.957
77 1.559
78 1.1
79 6.68
80 2.727
81 6.037
82 1.892
83 2.014
84 5.931
85 4.042
86 7.193
87 10.861
88 11.007
89 15.084
90 3.956
91 5.186
92 4.798
93 2.645
94 4.501
95 5.909
96 4.637
97 6.783
98 5.862
99 3.046
100 2.28
101 1.754
102 6.299
103 4.131
104 8.574
105 3.443
106 6.487
107 3.84
108 5.784
109 12.437
110 12.131
111 4.343
112 3.363
113 6.045
114 17.612
115 3.475
116 2.501
117 5.113
118 3.91
119 8.249
120 21.11
121 3.789
122 7.003
123 2.755
124 3.043
125 10.328
126 8.683
127 5.945
128 5.531
129 5.306
130 7.603
131 11.715
132 14.37
133 4.047
134 2.372
135 11.7
136 3.764
137 7.072
138 6.463
139 3.887
140 4.455
141 24.255
142 14.43
143 5.239
144 4.1
145 10.008
146 14.797
147 26.365
148 3.57
149 7.622
150 7.347
151 6.371
152 8.179
153 9.809
154 5.376
155 10.459
156 4.204
157 4.054
158 6.914
159 7.633
160 2.015
161 3.909
162 9.597
163 9.181
164 9.37
165 8.838
166 23.752
167 1.282
168 1.529
169 2.518
170 3.598
171 15.162
172 34.825
173 18.023
174 40.223
175 9.21
176 14.483
177 3.79
178 8.096
179 13.636
180 15.059
181 6.937
182 2.549
183 2.902
184 5.176
185 10.544
186 6.686
187 6.031
188 5.887
189 7.079
190 5.123
191 7.644
192 7.261
193 4.275
194 2.33
195 4.689
196 7.31
197 14.205
198 2.268
199 3.102
200 20.545
201 13.7
202 4.887
203 4.351
204 3.864
205 4.442
206 1.194
207 2.772
208 6.821
209 2.568
210 3.534
211 1.357
212 1.614
213 2.038
214 3.929
215 15.298
216 5.975
217 3.767
218 11.138
219 5.745
220 12.217
221 4.94
222 4.526
223 6.636
224 7.966
225 1.78
226 4.874
227 6.533
228 3.675
229 1.926
230 8.817
231 3.581
232 8.246
233 9.147
234 5.15
235 8.377
236 5.252
237 3.085
238 1.661
239 2.059
240 13.699
241 8.537
242 4.496
243 3.264
244 21.503
245 23.215
246 6.632
247 9.47
248 4.034
249 8.438
250 2
251 0.49
252 15.592
253 26.278
254 16.129
255 2.856
256 14.374
257 5.739
258 5.818
259 5.15
260 3.894
261 10.629
262 5.131
263 2.764
264 16.407
265 10.188
266 7.061
267 6.835
268 2.413
269 2.22
270 1.875
271 3.581
272 1.165
273 2.687
274 8.722
275 6.388
276 5.103
277 4.555
278 5.348
279 5.593
280 12.57
281 1.982
282 2.168
283 13.078
284 11.569
285 5.765
286 5.319
287 11.769
288 8.792
289 7.637
290 2.677
291 12.539
292 22.91
293 6.602
294 12.888
295 14.283
296 1.792
297 9.363
298 16.431
299 3.143
300 6.508
301 2.663
302 8.967
303 2.92
304 5.058
305 3.847
306 19.039
307 7.448
308 3.64
309 3.787
310 9.499
311 10.669
312 9.086
313 9.943
314 7.604
315 9.628
316 18.624
317 21.903
318 1.276
319 1.152
320 4.403
321 14.487
322 12.627
323 4.348
324 7.393
325 4.606
326 11.296
327 3.975
328 2.631
329 3.556
330 7.144
331 1.545
332 1.5
333 9.151
334 3.237
335 13.698
336 12.777
337 11.028
338 10.612
339 7.333
340 3.764
341 2.425
342 11.343
343 3.832
344 4.424
345 2.772
346 2.93
347 3.799
348 7.527
349 1.263
350 1.479
351 3.671
352 4.101
353 7.053
354 4.768
355 15.575
356 11.052
357 4.412
358 30.577
359 5.106
360 3.828
361 7.361
362 6.102
363 3.62
364 2.209
365 7.534
366 2.687
367 14.383
368 8.303
369 2.298
370 5.27
371 2.883
372 27.973
373 5.11
374 2.471
375 5.15
376 5.948
377 1.706
378 7.559
379 3.515
380 4.17
381 7.439
382 7.734
383 5.874
384 7.801
385 12.275
386 8.767
387 2.427
388 2.862
389 45.09
390 0.451
391 2.492
392 1.648
393 129.289
394 12.244
395 21.135
396 5.432
397 4.017
398 211.079
399 1.43
400 3.437
401 5.335
402 143.726
403 4.391
404 27.97
405 3.073
406 2.564
407 3.703
408 6.353
409 7.307
410 4.984
411 7.295
412 5.405
413 5.816
414 4.545
415 2.13
416 23.987
417 13.76
418 1.445
419 2.493
420 2.1
421 3.137
422 3.749
423 6.206
424 13.632
425 9.709
426 5.362
427 6.614
428 26.226
429 0.4
430 2.865
431 16.497
432 13.955
433 2.912
434 2.167
435 8.772
436 3.487
437 6.95
438 6.449
439 4.439
440 3.077
441 3.839
442 15.703
443 37.309
444 7.865
445 7.472
446 4.354
447 5.877
448 21.862
449 21.217
450 16.223
451 2.809
452 3.396
453 8.072
454 7.928
455 7.149
456 3.324
457 10.051
458 9.105
459 71.751
460 13.012
461 9.811
462 2.577
463 1.382
464 9.421
465 17.258
466 3.346
467 2.035
468 2.072
469 6.349
470 9.787
471 12.024
472 6.807
473 25.429
474 16.241
475 3.096
476 5.074
477 1.435
478 4.277
479 29.245
480 12.794
481 7.011
482 29.214
483 18.891
484 4.589
485 7.176
486 14.733
487 0.378
488 2.243
489 2.39
490 0.881
491 2.246
492 6.493
493 9.291
494 3.188
495 2.295
496 21.584
497 17.855
498 3.899
499 0.968
500 14.217
501 17.478
502 7.857
503 15.95
504 20.136
505 3.868
506 4.016
507 2.463
508 7.451
509 7.463
510 4.13
511 8.297
512 8.175
513 6.113
514 5.162
515 2.855
516 11.978
517 9.001
518 2.137
519 1.566
520 3.831
521 3.821
522 2.669
523 14.215
524 1.618
525 3.34
526 0.838
527 5.388
528 9.349
529 9.083
530 16.835
531 14.458
532 14.713
533 15.013
534 10.364
535 8.482
536 2.383
537 9.379
538 6.797
539 14.104
540 20.455
541 30.095
542 7.525
543 10.151
544 3.16
545 2.96
546 1.718
547 9.191
548 12.053
549 4.343
550 4.261
551 5.964
552 4.924
553 3.087
554 4.427
555 6.367
556 11.666
557 3.724
558 2.851
559 2.383
560 11.806
561 14.373
562 9.035
563 2.512
564 3.172
565 8.311
566 12.182
567 90.821
568 8.654
569 11.026
570 29.492
571 12.84
572 5.605
573 2.884
574 3.982
575 7.984
576 6.973
577 7.618
578 7.667
579 6.369
580 1.945
581 2.936
582 6.291
583 3.423
584 1.14
585 0.708
586 10.941
587 4.602
588 5.583
589 2.821
590 15.528
591 8.133
592 5.807
593 2.529
594 1.594
595 1.684
596 11.561
597 9.466
598 10.342
599 3.588
600 7.53
601 1.656
602 3.046
603 24.581
604 10.294
605 12.343
606 10.14
607 9.621
608 2.587
609 11.371
610 19.383
611 1.279
612 3.529
613 8.461
614 3.471
615 1.998
616 1.578
617 13.127
618 4.426
619 6.824
620 2.878
621 1.778
622 4.992
623 21.575
624 12.637
625 13.913
626 11.865
627 24.664
628 4.809
629 11.261
630 7.386
631 9.213
632 3.148
633 1.98
634 4.502
635 14.418
636 12.726
637 17.217
638 7.472
639 9.165
640 5.281
641 5.5
642 4.186
643 4.18
644 2.487
645 4.661
646 5.683
647 3.102
648 8.198
649 3.364
650 4.036
651 3.381
652 17.943
653 3.99
654 3.841
655 3.948
656 2.125
657 7.679
658 10.819
659 1.049
660 3.921
661 14.497
662 17.502
663 7.483
664 1.536
665 3.053
666 1.55
667 19.643
668 5.14
669 3.839
670 11.723
671 8.452
672 3.224
673 7.008
674 11.099
675 3.103
676 1.474
677 15.131
678 6.196
679 14.505
680 15.49
681 2.382
682 2.542
683 57.7
684 2.928
685 18.188
686 29.081
687 1.797
688 2.124
689 8.211
690 5.641
691 8.326
692 10.331
693 5.457
694 5.588
695 1.16
696 2.158
697 5.86
698 10.35
699 8.024
700 8.32
701 5.844
702 5.106
703 11.603
704 6.787
705 6.932
706 5.231
707 2.845
708 6.688
709 9.078
710 1.185
711 1.176
712 3.74
713 7.815
714 8.812
715 7.302
716 4.673
717 3.502
718 2.394
719 3.096
720 1.215
721 12.968
722 7.293
723 3.185
724 4.966
725 17.926
726 11.209
727 6.482
728 18.78
729 6.937
730 9.741
731 5.988
732 6.413
733 17.014
734 13.822
735 9.622
736 3.894
737 3.571
738 13.232
739 24.994
740 3.542
741 5.582
742 3.58
743 3.69
744 3.903
745 6.964
746 8.207
747 16.932
748 22.619
749 14.458
750 18.259
751 3.605
752 0.786
753 1.707
754 5.492
755 9.835
756 5.095
757 8.418
758 14.658
759 3.392
760 1.63
761 8.73
762 7.66
763 3.887
764 2.354
765 9.391
766 3.764
767 1.255
768 4.123
769 12.697
770 6.891
771 4.265
772 3.964
773 3.063
774 2.162
775 5.38
776 3.153
777 4.329
778 3.463
779 1.642
780 9.392
781 6.177
782 76.15
783 13.9
784 4.61
785 2.662
786 1.428
787 2.489
788 10.926
789 36.726
790 18.82
791 0.603
792 0.503
793 9.286
794 5.772
795 2.661
796 3.187
797 27.289
798 3.054
799 43.879
800 3.383
801 9.346
802 8.2
803 11.246
804 23.349
805 2.167
806 1.575
807 3.472
808 4.286
809 2.875
810 2.21
811 7.728
812 9.977
813 12.074
814 9.213
815 10.249
816 6.498
817 9.263
818 6.998
819 7.3
820 8.834
821 7.053
822 2.787
823 2.959
824 6.877
825 5.242
826 2.515
827 4.356
828 10.034
829 8.719
830 5.962
831 4.282
832 2.807
833 5.524
834 4.822
835 7.302
836 6.844
837 7.198
838 8.629
839 8.836
840 1.874
841 1.032
842 25.213
843 13.704
844 2.464
845 3.207
846 16.019
847 16.411
848 3.755
849 12.776
850 10.609
851 19.369
852 14.291
853 6.324
854 13.619
855 7.887
856 7.456
857 5.795
858 6.428
859 6.425
860 4.504
861 5.019
862 1.93
863 2.337
864 1.77
865 7.084
866 5.969
867 2.3
868 3.303
869 1.97
870 15.15
871 5.013
872 2.95
873 7.572
874 6.759
875 3.201
876 4.301
877 4.731
878 4.034
879 10.109
880 3.358
881 14.364
882 12.398
883 5.47
884 1.635
885 2.415
886 1.47
887 5.704
888 11.074
889 14.732
890 2.589
891 5.338
892 7.1
893 3.877
894 2.732
895 13.992
896 2.822
897 6.683
898 3.15
899 8.531
900 9.946
901 2.306
902 1.415
903 1.301
904 0.958
905 3.962
906 14.788
907 36.194
908 13.316
909 1.41
910 2.624
911 0.053
912 31.774
913 10.028
914 4.464
915 2.049
916 8.578
917 25.208
918 5.653
919 6.114
920 4.56
921 1.585
922 12.3
923 4.07
924 11.52
925 3.318
926 4.856
927 1.842
928 2.37
929 2.04
930 2.022
931 1.746
932 1.136
933 3.857
934 5.665
935 2.193
936 1.507
937 4.236
938 2.222
939 4.267
940 3.502
941 3.387
942 2.824
943 9.178
944 9.218
945 1.306
946 1.613
947 1.241
948 10.166
949 12.717
950 11.211
951 2.757
952 9.665
953 7.728
954 16.879
955 4.14
956 6.017
957 4.99
958 6.927
959 8.121
960 3.166
961 1.3
962 0.45
963 10.713
964 8.055
965 5.064
966 6.055
967 7.861
968 4.85
969 5.823
970 5.744
971 4.866
972 7.095
973 13.686
974 8.266
975 14.152
976 3.251
977 1.355
978 5.4
979 4.838
980 7.74
981 9.193
982 16.486
983 17.667
984 2.773
985 26.034
986 17.548
987 9.835
988 8.859
989 5.304
990 22.182
991 10.653
992 10.458
993 1.695
994 1.438
995 1.046
996 5.02
997 0.912
998 4.617
999 2.317
1000 1.786
1001 7.984
1002 4.101
1003 5.519
1004 12.529
1005 13.451
1006 5.508
1007 4.216
1008 3.451
1009 5.573
1010 8.236
1011 9.206
1012 3.425
1013 6.837
1014 4.242
1015 1.278
1016 4.456
1017 7.497
1018 2.843
1019 2.93
1020 3.446
1021 2.203
1022 6.882
1023 5.464
1024 13.251
1025 13.576
1026 8.609
1027 4.167
1028 5.035
1029 3.943
1030 5.267
1031 24.581
1032 28.996
1033 4.55
1034 4.084
1035 5.716
1036 2.728
1037 2.413
1038 3.431
1039 4.215
1040 3.957
1041 2.956
1042 1.756
1043 6.3
1044 100.904
1045 3.36
1046 2.963
1047 14.311
1048 1.656
1049 1.389
1050 2.073
1051 3.059
1052 3.581
1053 10.352
1054 4.816
1055 5.722
1056 4.8
1057 10.576
1058 18.627
1059 12.328
1060 3.375
1061 2.126
1062 4.018
1063 5.19
1064 6.635
1065 16.076
1066 3.297
1067 1.601
1068 2.993
1069 2.741
1070 2.396
1071 2.288
1072 3.826
1073 14.136
1074 2.787
1075 12.088
1076 6.343
1077 15.588
1078 8.668
1079 17.968
1080 8.212
1081 9.046
1082 2.097
1083 11.755
1084 14.699
1085 15.642
1086 5.611
1087 11.783
1088 3.064
1089 5.548
1090 4.586
1091 1.913
1092 3.696
1093 4.352
1094 16.139
1095 1.805
1096 6.107
1097 1.883
1098 9.69
1099 8.29
1100 3.023
1101 7.761
1102 0.962
1103 1
1104 1.495
1105 13.932
1106 6.149
1107 9.97
1108 12.347
1109 1.598
1110 1.409
1111 1.083
1112 5.477
1113 13.6
1114 7.237
1115 12.454
1116 5.293
1117 2.369
1118 8.82
1119 10.617
1120 20.19
1121 3.996
1122 3.149
1123 2.15
1124 1.621
1125 6.871
1126 15.302
1127 29.744
1128 13.468
1129 8.592
1130 56.902
1131 7.106
1132 7.613
1133 6.772
1134 38.487
1135 19.185
1136 9.751
1137 5.038
1138 3.582
1139 6.194
1140 3.951
1141 8.751
1142 4.102
1143 12.906
1144 9.17
1145 4.526
1146 8.18
1147 5.419
1148 2.956
1149 8.438
1150 21.926
1151 3.147
1152 3.594
1153 10.5
1154 1.3
1155 85.749
1156 129.698
1157 16.686
1158 28.39
1159 4.173
1160 3.998
1161 50.52
1162 12.976
1163 36.988
1164 23.431
1165 15.463
1166 4.515
1167 5.487
1168 5.691
1169 5.491
1170 5.262
1171 4.035
1172 1.236
1173 2.059
1174 60.161
1175 75.738
1176 3.379
1177 3.041
1178 5.344
1179 2.925
1180 1.786
1181 7.652
1182 14.884
1183 7.53
1184 19.619
1185 4.441
1186 6.089
1187 7.648
1188 8.196
1189 5.759
1190 9.595
1191 5.103
1192 10.307
1193 7.061
1194 5.963
1195 5.008
1196 8.704
1197 4.268
1198 2.845
1199 12.543
1200 9.629
1201 0.993
1202 7.66
1203 3.267
1204 2.17
1205 8.699
1206 8.513
1207 3.731
1208 11.65
1209 1.196
1210 3.491
1211 1.893
1212 5.67
1213 7.288
1214 4.301
1215 13.387
1216 2.751
1217 3.053
1218 2.257
1219 11.014
1220 22.591
1221 17.676
1222 10.157
1223 0.783
1224 8.899
1225 9.085
1226 3.63
1227 2.754
1228 8.094
1229 28.673
1230 19.522
1231 24.961
1232 16.549
1233 7.113
1234 5.14
1235 5.24
1236 3.022
1237 2.637
1238 2.231
1239 1.558
1240 23.28
1241 19.639
1242 1.265
1243 1.172
1244 2.457
1245 4.042
1246 3.221
1247 9.159
1248 3.971
1249 1.921
1250 7.929
1251 8.118
1252 5.617
1253 2.085
1254 2.485
1255 3.999
1256 7.674
1257 10.937
1258 5.868
1259 17.817
1260 8.491
1261 11.048
1262 13.567
1263 3.313
1264 5.586
1265 8.757
1266 11.76
1267 18.172
1268 3.226
1269 18.291
1270 16.889
1271 1.49
1272 2.922
1273 6.631
1274 13.668
1275 1.226
1276 10.289
1277 4.4
1278 14.394
1279 13.22
1280 18.204
1281 5.365
1282 7.645
1283 60.611
1284 6.915
1285 3.053
1286 18.233
1287 9.518
1288 11.177
1289 8.348
1290 7.321
1291 3.723
1292 3.621
1293 2.944
1294 12.144
1295 1.194
1296 5.362
1297 3.484
1298 15.43
1299 2.14
1300 10.562
1301 13.354
1302 2.218
1303 24.973
1304 8.066
1305 2.732
1306 6.718
1307 7.914
1308 3.837
1309 2.75
1310 6.243
1311 12.772
1312 9.627
1313 9.538
1314 10.562
1315 6.792
1316 2.637
1317 5.615
1318 15.556
1319 9.802
1320 11.071
1321 4.045
1322 8.77
1323 6.773
1324 10.433
1325 22.14
1326 6.535
1327 5.18
1328 2.389
1329 2.894
1330 14.462
1331 4.148
1332 5.002
1333 6.413
1334 3.906
1335 9.012
1336 10.701
1337 12.153
1338 12.782
1339 6.105
1340 10.413
1341 4.519
1342 4.551
1343 2.153
1344 4.312
1345 5.024
1346 9.535
1347 13.401
1348 3.14
1349 3.356
1350 2.184
1351 9.016
1352 6.087
1353 8.723
1354 19.389
1355 7.744
1356 13.433
1357 8.937
1358 6.618
1359 5.87
1360 11.74
1361 3.212
1362 2.393
1363 4.422
1364 8.756
1365 9.272
1366 3.842
1367 11.312
1368 7.419
1369 31.496
1370 2.407
1371 1.306
1372 13.768
1373 7.84
1374 1.681
1375 15.635
1376 12.87
1377 5.312
1378 10.421
1379 3.43
1380 3.438
1381 2.863
1382 4.347
1383 10.065
1384 17.058
1385 10.991
1386 4.382
1387 9.239
1388 4.538
1389 3.685
1390 6.905
1391 4.739
1392 5.022
1393 6.365
1394 19.401
1395 48.337
1396 4.619
1397 2.78
1398 0.777
1399 0.716
1400 14.597
1401 5.775
1402 4.373
1403 7.038
1404 5.767
1405 6.267
1406 2.678
1407 4.264
1408 1.339
1409 2.15
1410 3.75
1411 7.895
1412 18.517
1413 24.316
1414 3.434
1415 3.567
1416 32.208
1417 8.374
1418 6.266
1419 3.549
1420 2.15
1421 1.21
1422 10.396
1423 8.071
1424 7.177
1425 4.178
1426 2.348
1427 8.599
1428 3.206
1429 7.759
1430 16.531
1431 9.091
1432 3.209
1433 2.715
1434 4.833
1435 13.154
1436 1.885
1437 2.719
1438 2.805
1439 4.261
1440 3.869
1441 3.231
1442 1.441
1443 2.62
1444 1.918
1445 2.427
1446 11.894
1447 5.439
1448 4.668
1449 23.098
1450 23.684
1451 2.03
1452 2.259
1453 16.426
1454 5.058
1455 5.564
1456 2.646
1457 2.658
1458 3.23
1459 2.649
1460 2.343
1461 5.692
1462 16.78
1463 1.95
1464 2.376
1465 2.4
1466 0.977
1467 2.177
1468 6.358
1469 10.336
1470 0.93
1471 6.165
1472 9.616
1473 6.588
1474 10.541
1475 9.017
1476 6.924
1477 2.146
1478 6.106
1479 2.352
1480 2.062
1481 9.914
1482 10.094
1483 2.495
1484 2.81
1485 4.983
1486 6.478
1487 8.331
1488 3.728
1489 4.626
1490 4.75
1491 6.67
1492 5.828
1493 19.253
1494 16.512
1495 9.033
1496 1.059
1497 1.923
1498 3.717
1499 4.106
1500 11.848
1501 7.037
1502 4.358
1503 18.761
1504 9.044
1505 3.406
1506 2.165
1507 11.087
1508 3.644
1509 15.316
1510 5.728
1511 1.374
1512 3.609
1513 19.233
1514 12.151
1515 4.041
1516 5.886
1517 7.263
1518 6.419
1519 24.162
1520 8.827
1521 2.208
1522 21.898
1523 14.497
1524 23.131
1525 2.045
1526 14.49
1527 1.765
1528 7.915
1529 1.238
1530 0.85
1531 6.412
1532 4.934
1533 3.066
1534 6.134
1535 6.732
1536 16.949
1537 1.55
1538 1.242
1539 11.096
1540 6.08
1541 3.018
1542 3.778
1543 2.631
1544 0.747
1545 2.41
1546 6.622
1547 6.278
1548 8.732
1549 9.435
1550 8.747
1551 5.631
1552 3.055
1553 14.292
1554 2.934
1555 4.375
1556 2.388
1557 11.21
1558 72.596
1559 11.598
1560 9.979
1561 43.152
1562 6.791
1563 8.734
1564 19.555
1565 9.039
1566 12.013
1567 6.262
1568 4.407
1569 6.19
1570 13.984
1571 4.168
1572 0.178
1573 35.412
1574 26.402
1575 2.85
1576 21.608
1577 4.351
1578 13.285
1579 6.341
1580 4.814
1581 27.213
1582 29.997
1583 13.53
1584 19.013
1585 3.738
1586 8.318
1587 5.269
1588 15.786
1589 2.235
1590 2.727
1591 2.474
1592 4.622
1593 3.38
1594 6.158
1595 10.939
1596 34.401
1597 4.557
1598 5.874
1599 5.346
1600 14.561
1601 1.852
1602 18.039
1603 3.053
1604 3.412
1605 5.506
1606 10.44
1607 25.125
1608 5.192
1609 2.652
1610 1.281
1611 1.345
1612 1.352
1613 4.962
1614 8.325
1615 2.267
1616 4.94
1617 15.616
1618 60.949
1619 11.875
1620 7.812
1621 18.43
1622 2.195
1623 3.232
1624 3.466
1625 6.526
1626 6.968
1627 73.978
1628 2.081
1629 10.326
1630 5.654
1631 9.89
1632 7.887
1633 1.37
1634 31.286
1635 25.409
1636 10.662
1637 26.306
1638 4.04
1639 3.643
1640 1.292
1641 0.978
1642 6.639
1643 7.451
1644 1.791
1645 2.842
1646 6.213
1647 4.855
1648 2.127
1649 3.115
1650 3.495
1651 16.111
1652 12.111
1653 5.631
1654 8.602
1655 2.033
1656 15.57
1657 7.278
1658 5.209
1659 3.417
1660 9.402
1661 6.269
1662 7.63
1663 3.08
1664 3.464
1665 6.527
1666 1.791
1667 5.781
1668 17.501
1669 4.85
1670 6.97
1671 11.142
1672 30.19
1673 7.37
1674 2.533
1675 6.204
1676 1.34
1677 9.04
1678 2.489
1679 13.597
1680 8.94
1681 8.86
1682 6.123
1683 8.581
1684 12.479
1685 4.722
1686 4.887
1687 7.382
1688 6.3
1689 3.69
1690 4.911
1691 13.37
1692 3.676
1693 76.991
1694 2.152
1695 28.89
1696 9.672
1697 4.85
1698 3.011
1699 2.785
1700 1.75
1701 7.14
1702 6.025
1703 5.951
1704 3.487
1705 7.768
1706 14.156
1707 18.326
1708 6.514
1709 2.925
1710 3.16
1711 24.5
1712 8.216
1713 3.441
1714 1.35
1715 1.383
1716 11.847
1717 9.327
1718 4.41
1719 2.068
1720 6.94
1721 5.914
1722 1.239
1723 11.255
1724 6.731
1725 7.956
1726 1.339
1727 0.277
1728 6.786
1729 6.221
1730 19.111
1731 5.273
1732 3.078
1733 4.031
1734 4.725
1735 1.593
1736 1.954
1737 0.839
1738 2.085
1739 1.489
1740 4.431
1741 7.864
1742 1.893
1743 4.48
1744 1.036
1745 14.255
1746 10.009
1747 2.279
1748 1.566
1749 3.776
1750 13.759
1751 5.989
1752 29.592
1753 9.526
1754 7.363
1755 3.483
1756 11.004
1757 4.486
1758 7.553
1759 1.756
1760 16.868
1761 18.767
1762 71.279
1763 15.278
1764 5.705
1765 13.84
1766 11.471
1767 3.573
1768 6.138
1769 4.668
1770 9.422
1771 5.492
1772 2.522
1773 10.718
1774 4.817
1775 12.59
1776 30.347
1777 14.46
1778 7.081
1779 4.363
1780 1.648
1781 3.141
1782 1.924
1783 7.9
1784 7.181
1785 4.18
1786 5.236
1787 15.267
1788 3.335
1789 6.554
1790 0.836
1791 5.491
1792 9.861
1793 6.206
1794 7.849
1795 3.534
1796 2.301
1797 5.163
1798 6.83
1799 1.659
1800 29.007
1801 4.6
1802 23.151
1803 44.877
1804 10.931
1805 38.779
1806 3.903
1807 14.629
1808 1.213
1809 3.338
1810 8.045
1811 4.398
1812 9.449
1813 4.67
1814 4.611
1815 4.25
1816 4.9
1817 2.513
1818 17.354
1819 12.921
1820 2.943
1821 2.174
1822 7.943
1823 4.58
1824 4.442
1825 4.559
1826 9.934
1827 4.474
1828 4.113
1829 10.258
1830 5.528
1831 2.359
1832 4.068
1833 3.14
1834 7.351
1835 3.208
1836 2.979
1837 3.081
1838 7.963
1839 0.556
1840 0.915
1841 3.483
1842 9.861
1843 6.519
1844 3.556
1845 3.792
1846 11.793
1847 23.637
1848 2.447
1849 2.712
1850 1.558
1851 2.705
1852 13.878
1853 14.892
1854 10.997
1855 7.552
1856 2.858
1857 5.511
1858 7.045
1859 4.378
1860 4.87
1861 6.524
1862 7.393
1863 4.18
1864 4.475
1865 6.714
1866 2.586
1867 7.696
1868 3.527
1869 2.534
1870 6.066
1871 18.797
1872 1.408
1873 5.199
1874 3.326
1875 6.242
1876 6.034
1877 2.463
1878 4.37
1879 7.67
1880 6.552
1881 8.692
1882 4.853
1883 4.72
1884 8.373
1885 1.802
1886 1.268
1887 1.803
1888 15.323
1889 3.276
1890 13.55
1891 28.139
1892 1.255
1893 1.479
1894 1.309
1895 12.768
1896 6.688
1897 2.684
1898 2.063
1899 4.871
1900 6.554
1901 1.688
1902 0.372
1903 0.945
1904 14.769
1905 3.755
1906 12.365
1907 2.443
1908 2.317
1909 18.981
1910 24.724
1911 5.162
1912 4.454
1913 2.965
1914 3.821
1915 13.723
1916 1.077
1917 3.299
1918 1.893
1919 12.526
1920 4.886
1921 9.22
1922 6.383
1923 3.966
1924 2.244
1925 11.805
1926 7.646
1927 9.013
1928 6.397
1929 10.769
1930 42.38
1931 23.881
1932 4.438
1933 84.314
1934 15.985
1935 15.224
1936 10.088
1937 18.99
1938 1.663
1939 1.752
1940 1.97
1941 3.289
1942 2.552
1943 6.103
1944 5.904
1945 7.14
1946 7.841
1947 28.963
1948 47.218
1949 3.715
1950 1.46
1951 6.752
1952 33.872
1953 4.581
1954 6.844
1955 4.661
1956 10.019
1957 4.532
1958 2.804
1959 6.82
1960 1.445
1961 5.163
1962 6.536
1963 6.976
1964 6.134
1965 6.848
1966 1.28
1967 7.717
1968 4.52
1969 5.36
1970 14.255
1971 5.841
1972 6.344
1973 9.038
1974 3.211
1975 5.44
1976 6.277
1977 8.786
1978 8.668
1979 6.607
1980 1.003
1981 20.487
1982 11.538
1983 4.541
1984 10.517
1985 2.597
1986 4.886
1987 2.817
1988 3.081
1989 11.772
1990 5.396
1991 4.639
1992 1.505
1993 1.448
1994 6.027
1995 11.527
1996 10.611
1997 2.9
1998 15.439
1999 24.886
2000 42.992
2001 4.495
2002 3.051
2003 3.525
2004 1.866
2005 3.532
2006 3.984
2007 3.378
2008 2.824
2009 6.214
2010 9.547
2011 6.773
2012 15.847
2013 8.805
2014 3.81
2015 10.307
2016 1.5
2017 6.905
2018 5.301
2019 2.76
2020 4.533
2021 4.819
2022 13.23
2023 11.478
2024 2.564
2025 6.425
2026 7.993
2027 15.462
2028 18.98
2029 29.743
2030 9.914
2031 2.002
2032 3.138
2033 0.985
2034 1.48
2035 1.423
2036 2.682
2037 13.484
2038 6.718
2039 3.036
2040 1.787
2041 1.555
2042 2.495
2043 2.611
2044 2.785
2045 11.505
2046 17.824
2047 4.465
2048 1.884
2049 5.258
2050 4.271
2051 4.873
2052 9.178
2053 7.759
2054 9.385
2055 19.595
2056 9.28
2057 6.075
2058 9.461
2059 27.405
2060 1.973
2061 6.973
2062 2.736
2063 4.833
2064 6.753
2065 7.48
2066 6.288
2067 7.606
2068 6.71
2069 1.183
2070 1.65
2071 32.839
2072 20.6
2073 3.249
2074 10.981
2075 4.616
2076 2.169
2077 2.831
2078 18.507
2079 1.03
2080 3.52
2081 5.251
2082 6.833
2083 3.611
2084 1.223
2085 1.814
2086 6.094
2087 28.923
2088 5.893
2089 1.521
2090 9.757
2091 4.011
2092 2.704
2093 4.664
2094 9.387
2095 2.264
2096 3.19
2097 9.22
2098 2.395
2099 9.965
2100 7.411
2101 4.896
2102 3.289
2103 4.771
2104 3.797
2105 2.232
2106 2.543
2107 8.187
2108 8.863
2109 6.511
2110 1.149
2111 6.8
2112 2.602
2113 14.028
2114 3.539
2115 0.775
2116 1.689
2117 1.39
2118 16.393
2119 7.572
2120 23.985
2121 9.736
2122 6.838
2123 4.242
2124 14.848
2125 16.435
2126 3.044
2127 7.13
2128 7.612
2129 5.546
2130 3.861
2131 5.375
2132 3.213
2133 6.283
2134 39.478
2135 7.22
2136 4.703
2137 5.168
2138 3.812
2139 2.119
2140 7.849
2141 11.466
2142 7.853
2143 5.163
2144 23.996
2145 1.827
2146 4.877
2147 3.235
2148 12.166
2149 6.362
2150 9.376
2151 3.393
2152 6.428
2153 3.885
2154 9.719
2155 10.824
2156 6.22
2157 7.858
2158 6.131
2159 2.119
2160 4.314
2161 8.935
2162 6.058
2163 5.481
2164 7.062
2165 5.43
2166 21.84
2167 58.541
2168 43.982
2169 12.257
2170 9.6
2171 20.816
2172 10.274
2173 17.414
2174 35.527
2175 47.961
2176 2.908
2177 8.187
2178 3.04
2179 9.143
2180 4.446
2181 2.854
2182 4.023
2183 5.868
2184 5.629
2185 5.208
2186 6.276
2187 4.087
2188 9.265
2189 21.26
2190 8.883
2191 27.163
2192 7.803
2193 3.125
2194 31.7
2195 2.666
2196 12.511
2197 13.272
2198 7.826
2199 3.228
2200 6.796
2201 4.218
2202 4.623
2203 4.307
2204 6.386
2205 30.762
2206 38.239
2207 8.108
2208 14.253
2209 18.963
2210 11.316
2211 4.27
2212 5.104
2213 5.991
2214 1.304
2215 4.275
2216 6.01
2217 17.401
2218 3.909
2219 8.165
2220 14.344
2221 4.44
2222 3.751
2223 0.85
2224 4.492
2225 2.512
2226 2.819
2227 5.115
2228 5.853
2229 5.925
2230 9.636
2231 9.963
2232 1.192
2233 2.25
2234 9.704
2235 4.425
2236 7.429
2237 3.318
2238 16.064
2239 1.534
2240 1.873
2241 2.478
2242 0.715
2243 7.515
2244 6.204
2245 4.965
2246 4.187
2247 4.199
2248 1.238
2249 7
2250 6.728
2251 8.078
2252 4.607
2253 13.449
2254 4.542
2255 11.306
2256 4.45
2257 1.364
2258 9.339
2259 11.233
2260 1.498
2261 13.599
2262 3.78
2263 4.889
2264 7.23
2265 3.911
2266 11.356
2267 29.59
2268 4.808
2269 7.11
2270 25.946
2271 6.595
2272 2.802
2273 24.293
2274 21.606
2275 8.076
2276 9.071
2277 8.633
2278 7.215
2279 10.371
2280 5.565
2281 50.466
2282 10.308
2283 2.98
2284 7.081
2285 7.539
2286 3.987
2287 22.599
2288 6.546
2289 7.777
2290 9.243
2291 18.447
2292 7.656
2293 6.388
2294 12.088
2295 9.148
2296 7.778
2297 9.266
2298 7.435
2299 3.755
2300 7.194
2301 9.001
2302 8.533
2303 15.006
2304 7.026
2305 4.718
2306 3.277
2307 8.632
2308 17.542
2309 3.683
2310 7.512
2311 4.728
2312 1.33
2313 4.166
2314 9.028
2315 11.468
2316 3.605
2317 6.205
2318 8.962
2319 13.003
2320 1.692
2321 2.248
2322 7.298
2323 5.196
2324 13.848
2325 2.533
2326 3.565
2327 3.923
2328 13.403
2329 3.453
2330 12.655
2331 5.907
2332 6.745
2333 6.661
2334 8.274
2335 16.827
2336 7.082
2337 2.15
2338 6.37
2339 6.364
2340 33.104
2341 6.257
2342 17.602
2343 3.976
2344 2.819
2345 3.155
2346 9.328
2347 7.378
2348 6.014
2349 15.209
2350 7.538
2351 12.562
2352 8.084
2353 7.445
2354 5.125
2355 4.5
2356 5.301
2357 9.255
2358 27.321
2359 3.638
2360 1.979
2361 7.369
2362 2.606
2363 9.927
2364 14.678
2365 61.684
2366 11.889
2367 8.811
2368 18.653
2369 20.194
2370 7.383
2371 6.657
2372 12.078
2373 35.679
2374 13.545
2375 13.366
2376 3.075
2377 6.899
2378 3.932
2379 3.365
2380 0.494
2381 16.536
2382 3.735
2383 17.649
2384 8.775
2385 4.056
2386 5.981
2387 3.556
2388 10.665
2389 1.599
2390 3.497
2391 4.168
2392 3.131
2393 2.614
2394 3.358
2395 4.004
2396 3.939
2397 5.215
2398 5.594
2399 3.251
2400 3.66
2401 5.079
2402 4.002
2403 2.219
2404 6.956
2405 3.095
2406 5.691
2407 4.01
2408 4.901
2409 9.951
2410 7.017
2411 15.576
2412 14.969
2413 42.88
2414 2.483
2415 20.085
2416 5.952
2417 41.917
2418 75.231
2419 5.552
2420 4.123
2421 4.175
2422 5.961
2423 6.447
2424 10.571
2425 3.406
2426 3.242
2427 1.741
2428 5.134
2429 6.998
2430 17.753
2431 9.239
2432 10.497
2433 10.571
2434 3.7
2435 7.187
2436 2.353
2437 4.592
2438 2.045
2439 16.592
2440 4.682
2441 6.839
2442 7.091
2443 6.57
2444 7.126
2445 0.967
2446 8.144
2447 14.071
2448 75.642
2449 6.675
2450 6.155
2451 5.841
2452 6.567
2453 19.096
2454 6.131
2455 2.309
2456 2.107
2457 2.387
2458 15.055
2459 1.906
2460 4.633
2461 6.235
2462 15.13
2463 6.465
2464 10.538
2465 1.266
2466 23.33
2467 6.137
2468 6.643
2469 7.199
2470 17.91
2471 5.953
2472 6.54
2473 17.768
2474 12.639
2475 1.67
2476 2.517
2477 1.52
2478 2.766
2479 1.732
2480 1.56
2481 2.207
2482 1.943
2483 1.271
2484 4.377
2485 10.67
2486 14.041
2487 14.828
2488 0.919
2489 8.226
2490 5.503
2491 11.125
2492 14.194
2493 5.256
2494 6.624
2495 2.87
2496 2.412
2497 5.396
2498 3.9
2499 5.369
2500 73.751
2501 17.924
2502 5.895
2503 14.475
2504 12.405
2505 3.375
2506 5.856
2507 1.865
2508 6.57
2509 40.488
2510 4.127
2511 18.07
2512 4.458
2513 14.21
2514 6.559
2515 32.727
2516 2.64
2517 8.929
2518 8.033
2519 23.533
2520 13.886
2521 2.895
2522 12.03
2523 4.365
2524 9.647
2525 2.898
2526 2.633
2527 8.405
2528 6.017
2529 10.852
2530 2.351
2531 7.259
2532 25.907
2533 6.376
2534 6.805
2535 5.21
2536 8.838
2537 6.879
2538 3.982
2539 3.769
2540 4.089
2541 1.164
2542 0.903
2543 14.16
2544 6.154
2545 2.23
2546 8.412
2547 0.718
2548 0.784
2549 4.547
2550 3.126
2551 1.768
2552 20.469
2553 6.06
2554 9.256
2555 9.555
2556 7.418
2557 5.589
2558 21.693
2559 12.783
2560 4.396
2561 3.78
2562 3.488
2563 15.518
2564 11.409
2565 8.304
2566 9.376
2567 6.739
2568 2.374
2569 1.321
2570 4.185
2571 12.28
2572 2.521
2573 3.9
2574 1.241
2575 9.662
2576 41.167
2577 6.399
2578 6.684
2579 8.586
2580 7.222
2581 1.554
2582 8.117
2583 6.048
2584 4.447
2585 3.984
2586 4.735
2587 2.059
2588 7.639
2589 8.61
2590 3.265
2591 7.652
2592 14.628
2593 16.966
2594 47.316
2595 3.822
2596 2.05
2597 4.345
2598 3.132
2599 5.091
2600 5.409
2601 4.421
2602 2.518
2603 1.626
2604 9.164
2605 4.106
2606 6.031
2607 1.103
2608 1.313
2609 1.678
2610 3.768
2611 16.438
2612 5.184
2613 6.033
2614 4.867
2615 12.742
2616 9.003
2617 10.695
2618 9.811
2619 13.532
2620 5.205
2621 46.435
2622 7.911
2623 1.387
2624 2.734
2625 5.101
2626 3.18
2627 2.31
2628 11.879
2629 3.076
2630 5.744
2631 5.468
2632 3.203
2633 2.718
2634 2.138
2635 3.767
2636 8.35
2637 6.186
2638 11.644
2639 9.78
2640 2.689
2641 8.502
2642 102.557
2643 4.217
2644 3.21
2645 3.063
2646 4.825
2647 8.653
2648 1.771
2649 4.768
2650 9.446
2651 8.623
2652 4.711
2653 7.538
2654 1.774
2655 5.301
2656 7.709
2657 2.002
2658 3.842
2659 6.852
2660 9.028
2661 10.639
2662 13.02
2663 9.037
2664 3.45
2665 26.026
2666 6.665
2667 9.383
2668 18.462
2669 14.505
2670 12.978
2671 29.62
2672 8.529
2673 14.767
2674 17.277
2675 7.64
2676 0.03
2677 72.55
2678 16.889
2679 2.663
2680 5.688
2681 11.708
2682 13.307
2683 16.21
2684 3.05
2685 1.476
2686 14.113
2687 5.412
2688 6.721
2689 11.761
2690 4.415
2691 11.495
2692 5.615
2693 4.801
2694 4.822
2695 7.035
2696 4.942
2697 11.324
2698 2.901
2699 7.692
2700 16.125
2701 27.453
2702 34.299
2703 4.071
2704 34.73
2705 14.14
2706 3.347
2707 5.139
2708 14.311
2709 7.318
2710 4.022
2711 4.737
2712 21.067
2713 19.76
2714 7.552
2715 6.995
2716 11.384
2717 14.293
2718 1.899
2719 15.747
2720 4.89
2721 4.824
2722 54.616
2723 19.885
2724 18.848
2725 35.808
2726 9.733
2727 12.181
2728 17.062
2729 3.127
2730 5.979
2731 8.007
2732 22.036
2733 2.578
2734 3.196
2735 18.63
2736 10.369
2737 3.168
2738 19.72
2739 6.264
2740 22.726
2741 6.239
2742 7.943
2743 2.525
2744 6.899
2745 4.896
2746 4.503
2747 12.485
2748 5.081
2749 13.183
2750 48.071
2751 5.321
2752 2.074
2753 17.131
2754 9.209
2755 3.141
2756 1.729
2757 0.88
2758 5.381
2759 5.97
2760 9.065
2761 16.139
2762 7.954
2763 18.084
2764 29.333
2765 3.521
2766 3.58
2767 1.846
2768 2.187
2769 1.424
2770 9.962
2771 4.287
2772 4.9
2773 3.515
2774 16.221
2775 14.727
2776 7.407
2777 6.78
2778 2.731
2779 7.038
2780 2.814
2781 8.062
2782 10.675
2783 3.792
2784 3.403
2785 4.577
2786 14.262
2787 6.305
2788 7.079
2789 1.3
2790 47.445
2791 1.955
2792 2.699
2793 34.973
2794 1.379
2795 8.701
2796 3.87
2797 3.376
2798 5.116
2799 9.773
2800 3.916
2801 6.977
2802 3.004
2803 1.056
2804 2.402
2805 3.257
2806 8.553
2807 10.599
2808 3.857
2809 4.864
2810 4.731
2811 4.362
2812 9.418
2813 14.096
2814 6.961
2815 4.166
2816 7.345
2817 3.211
2818 2.917
2819 10.235
2820 14.606
2821 6.601
2822 5.504
2823 22.305
2824 7.705
2825 23.015
2826 4.394
2827 3.812
2828 3.967
2829 6.102
2830 4.191
2831 4.426
2832 16.231
2833 12.109
2834 11.279
2835 19.916
2836 5.272
2837 7.865
2838 19.956
2839 7.36
2840 10.075
2841 21.86
2842 13.187
2843 7.215
2844 5.799
2845 9.063
2846 5.708
2847 7.314
2848 1.66
2849 1.435
2850 4.147
2851 3.078
2852 30.004
2853 10.157
2854 5.689
2855 5.086
2856 8.284
2857 4.582
2858 3.704
2859 7.561
2860 4.495
2861 3.122
2862 4.263
2863 5.61
2864 1.748
2865 6.802
2866 4.916
2867 2.459
2868 3.752
2869 9.303
2870 6.553
2871 5.316
2872 1.238
2873 3.469
2874 3.686
2875 5.529
2876 2.546
2877 5.466
2878 5.708
2879 15.787
2880 30.9
2881 5.417
2882 3.202
2883 2.959
2884 5.835
2885 6.594
2886 10.337
2887 4.561
2888 1.099
2889 9.045
2890 5.797
2891 77.804
2892 2.846
2893 34.052
2894 9.585
2895 3.612
2896 1.466
2897 2.769
2898 4.299
2899 4.782
2900 3.61
2901 74.583
2902 23.142
2903 7.219
2904 3.898
2905 1.885
2906 1.95
2907 0.911
2908 13.409
2909 7.586
2910 16.703
2911 3.798
2912 6.08
2913 4.707
2914 21.684
2915 6.651
2916 6.498
2917 12.035
2918 2.475
2919 12.893
2920 6.065
2921 4.51
2922 11.552
2923 4.7
2924 3.53
2925 1.718
2926 4.187
2927 3.517
2928 2.642
2929 23.183
2930 3.868
2931 4.92
2932 1.881
2933 5.353
2934 8.211
2935 55.59
2936 1.8
2937 40.812
2938 55.145
2939 27.422
2940 4.101
2941 6.613
2942 36.361
2943 2.242
2944 1.652
2945 5.521
2946 4.12
2947 16.065
2948 20.782
2949 11.818
2950 2.619
2951 1.72
2952 5.816
2953 5.261
2954 2.913
2955 56.092
2956 3.427
2957 9.864
2958 8.802
2959 5.125
2960 3.305
2961 2.891
2962 1.198
2963 1.828
2964 5.647
2965 3.301
2966 1.192
2967 1.707
2968 4.497
2969 2.399
2970 4.573
2971 5.08
2972 1.765
2973 9.345
2974 2.573
2975 1.462
2976 1.228
2977 14.205
2978 10.977
2979 6.948
2980 4.863
2981 4.411
2982 7.482
2983 5.036
2984 9.631
2985 8.662
2986 2.733
2987 1.709
2988 17.116
2989 74.5
2990 5.184
2991 5.131
2992 4.199
2993 8.592
2994 2.871
2995 6.832
2996 2.51
2997 8.191
2998 7.758
2999 4.965
3000 11.745
3001 1.354
3002 3.408
3003 6.606
3004 5.037
3005 4.797
3006 4.396
3007 8.545
3008 7.498
3009 1.25
3010 3.066
3011 4.071
3012 7.193
3013 2.185
3014 3.341
3015 5.976
3016 1.337
3017 3.836
3018 3.149
3019 1.833
3020 7.469
3021 9.729
3022 4.334
3023 9.93
3024 4.001
3025 1.41
3026 6.652
3027 11.459
3028 7.84
3029 5.611
3030 8.464
3031 9.246
3032 59.176
3033 8.443
3034 3.107
3035 13.29
3036 0.838
3037 4.159
3038 23.384
3039 4.525
3040 10.061
3041 9.931
3042 9.608
3043 4.895
3044 2.898
3045 5.459
3046 11.854
3047 4.452
3048 5.846
3049 3.928
3050 8.785
3051 2.715
3052 4.758
3053 13.617
3054 3.405
3055 7.904
3056 9.344
3057 17.401
3058 3.978
3059 17.745
3060 4.58
3061 0.787
3062 1.776
3063 6.873
3064 6.35
3065 2.704
3066 1.815
3067 12.596
3068 4.048
3069 2.119
3070 4.964
3071 7.401
3072 26.408
3073 3.72
3074 22.469
3075 1.459
3076 6.828
3077 2.715
3078 10.437
3079 6.259
3080 9.055
3081 4.265
3082 13.292
3083 3.734
3084 6.628
3085 5.605
3086 18.214
3087 37.697
3088 8.241
3089 2.664
3090 2.621
3091 11.21
3092 9.623
3093 7.802
3094 7.377
3095 5.063
3096 24.411
3097 6.503
3098 5.094
3099 4.908
3100 2.686
3101 10.643
3102 1.289
3103 16.219
3104 7.633
3105 2.162
3106 4.811
3107 4.401
3108 2.298
3109 4.229
3110 3.015
3111 5.952
3112 12.621
3113 4.287
3114 3.581
3115 4.47
3116 6.939
3117 4.818
3118 2.41
3119 20.038
3120 17.005
3121 16.103
3122 22.09
3123 9.087
3124 2.48
3125 4.293
3126 1.158
3127 1.482
3128 2.705
3129 12.727
3130 2.889
3131 8.548
3132 8.238
3133 4.227
3134 10.768
3135 32.215
3136 3.527
3137 4.235
3138 8.326
3139 20.192
3140 3.248
3141 0.145
3142 7.286
3143 5.815
3144 5.68
3145 20.814
3146 7.327
3147 1.213
3148 1.828
3149 2.991
3150 8.782
3151 3.025
3152 25.32
3153 33.142
3154 15.799
3155 1.099
3156 9.315
3157 5.569
3158 4.934
3159 5.952
3160 9.312
3161 5.984
3162 2.328
3163 5.028
3164 3.642
3165 8.057
3166 44.08
3167 6.833
3168 1.602
3169 4.552
3170 3.144
3171 9.12
3172 5.986
3173 6.74
3174 7.199
3175 9.402
3176 1.859
3177 28.91
3178 7.681
3179 18.542
3180 9.517
3181 7.796
3182 5.35
3183 7.918
3184 5.761
3185 4.348
3186 9.315
3187 2.999
3188 7.049
3189 2.728
3190 9.029
3191 66.028
3192 10.486
3193 23.947
3194 4.369
3195 9.11
3196 17.118
3197 2.234
3198 2.007
3199 7.425
3200 9.903
3201 11.98
3202 10.302
3203 4.91
3204 5.71
3205 9.32
3206 13.828
3207 16.577
3208 4.464
3209 4.553
3210 2.646
3211 3.828
3212 38.735
3213 12.065
3214 6.898
3215 11.244
3216 8.484
3217 6.32
3218 7.689
3219 7.156
3220 11.691
3221 23.273
3222 2.656
3223 4.686
3224 22.436
3225 12.35
3226 6.865
3227 5.901
3228 7.729
3229 6.236
3230 6.012
3231 10.382
3232 6.552
3233 2.606
3234 5.056
3235 7.203
3236 9.476
3237 21.936
3238 8.064
3239 6.434
3240 28.176
3241 4.753
3242 5.446
3243 7.78
3244 14.831
3245 4.485
3246 8.332
3247 7.776
3248 6.259
3249 1.664
3250 9.041
3251 7.727
3252 5.836
3253 9.035
3254 0.89
3255 10.007
3256 8.978
3257 22.317
3258 9.15
3259 23.692
3260 25.211
3261 1.725
3262 6.768
3263 24.568
3264 4.928
3265 4.366
3266 6.075
3267 5.959
3268 2.403
3269 6.97
3270 3.309
3271 2.397
3272 7.653
3273 8.954
3274 1.535
3275 6.582
3276 1.645
3277 5.48
3278 6.569
3279 9.257
3280 2.317
3281 4.067
3282 10.366
3283 11.511
3284 14.103
3285 23.751
3286 5.293
3287 5.264
3288 8.286
3289 1.811
3290 6.343
3291 21.803
3292 53.454
3293 22.317
3294 21.783
3295 10.304
3296 9.694
3297 3.067
3298 7.969
3299 5.402
3300 2.591
3301 11.994
3302 8.128
3303 4.726
3304 6.085
3305 5.523
3306 5.95
3307 2.588
3308 4.112
3309 1.968
3310 5.175
3311 0.513
3312 15.913
3313 3.259
3314 25.357
3315 2.149
3316 6.036
3317 2.557
3318 2.945
3319 10.914
3320 0.997
3321 5.061
3322 3.966
3323 14.395
3324 10.943
3325 7.008
3326 7.612
3327 9.669
3328 4.814
3329 3.452
3330 2.247
3331 4.824
3332 12.919
3333 16.072
3334 3.809
3335 2.646
3336 1.966
3337 7.215
3338 18.292
3339 5.225
3340 8.627
3341 20.697
3342 19.033
3343 8.828
3344 1.475
3345 2.122
3346 8.939
3347 3.144
3348 4.29
3349 1.523
3350 5.268
3351 3.093
3352 0.54
3353 0.945
3354 14.055
3355 7.339
3356 6.832
3357 8.417
3358 14.571
3359 9.807
3360 6.282
3361 6.556
3362 2.625
3363 9.295
3364 1.525
3365 5.611
3366 3.321
3367 3.057
3368 1.044
3369 6.33
3370 5.224
3371 4.416
3372 6.477
3373 35.635
3374 5.967
3375 8.635
3376 19.197
3377 2.443
3378 4.114
3379 24.866
3380 14.555
3381 4.233
3382 3.515
3383 0.983
3384 11.817
3385 8.752
3386 4.849
3387 12.405
3388 8.905
3389 7.465
3390 1.227
3391 11.57
3392 1.885
3393 2.465
3394 4.15
3395 4.419
3396 3.605
3397 10.489
3398 7.818
3399 6.725
3400 7.661
3401 2.906
3402 0.705
3403 19.015
3404 7.693
3405 2.056
3406 11.229
3407 7.924
3408 1.634
3409 3.352
3410 10.162
3411 6.216
3412 5.455
3413 8.181
3414 7.353
3415 4.751
3416 6.133
3417 1.204
3418 12.722
3419 8.311
3420 1.613
3421 1.854
3422 10.31
3423 5.166
3424 24.433
3425 11.559
3426 1.114
3427 3.366
3428 3.267
3429 2.71
3430 6.271
3431 15.508
3432 32.772
3433 28.132
3434 10.697
3435 0.459
3436 3.15
3437 9.258
3438 6.465
3439 4.99
3440 9.085
3441 8.574
3442 1.496
3443 2.354
3444 15.073
3445 5.753
3446 11.164
3447 1.512
3448 5.584
3449 4
3450 0.919
3451 5.304
3452 34.552
3453 14.151
3454 0.687
3455 2.778
3456 14.872
3457 4.028
3458 5.211
3459 3.964
3460 19.018
3461 15.331
3462 20.074
3463 6.05
3464 5.651
3465 7.899
3466 4.639
3467 4.073
3468 4.781
3469 4.201
3470 5.636
3471 3.676
3472 7.135
3473 5.854
3474 6.293
3475 4.512
3476 6.143
3477 3.719
3478 0.873
3479 3.178
3480 3.241
3481 11.357
3482 3.459
3483 2.92
3484 15.466
3485 10.99
3486 1.997
3487 3.007
3488 4.417
3489 2.149
3490 6.293
3491 15.82
3492 13.89
3493 10.336
3494 7.732
3495 1.211
3496 3.43
3497 6.402
3498 10.242
3499 2.139
3500 4.158
3501 8.989
3502 2.374
3503 2.435
3504 16.459
3505 6.479
3506 6.92
3507 2.596
3508 2.149
3509 4.373
3510 3.123
3511 27.643
3512 9.823
3513 9.611
3514 4.761
3515 22.61
3516 3.598
3517 5.147
3518 3.108
3519 12.944
3520 10.94
3521 6.593
3522 2.557
3523 4.327
3524 0.575
3525 4.681
3526 22.348
3527 16.374
3528 3.203
