0 2 0.25 0.679366 0.226455 0.0555556 0.444444 0.5 0.0178571
1 3 0.375 1.01905 0.339683 0.0714286 0.571429 3.5 0.125
2 3 0.375 1.01905 0.339683 0.0714286 0.571429 3.5 0.125
3 4 0.5 1.35873 0.452911 0.0833333 0.666667 6.4 0.228571
4 3 0.375 1.01905 0.339683 0.0714286 0.571429 2.7 0.0964286
5 2 0.25 0.679366 0.226455 0.0555556 0.444444 0.5 0.0178571
6 3 0.375 1.01905 0.339683 0.0714286 0.571429 2.7 0.0964286
7 3 0.375 1.01905 0.339683 0.0769231 0.615385 3.2 0.114286
8 3 0.375 1.01905 0.339683 0.0769231 0.615385 3.2 0.114286

aretes
4 0.8 0.0121212
6 0.3 0.00454545
10 0.5 0.00757576
11 0.5 0.00757576
7 0.3 0.00454545
2 1.2 0.0181818
3 1.2 0.0181818
5 0.8 0.0121212
0 0 0
1 0 0
8 0 0
9 0 0
12 0 0
