3654
0 3.289
1 6.667
2 4.741
3 10.544
4 15.092
5 11.086
6 1.137
7 1.73
8 8.428
9 5.817
10 0.925
11 1.158
12 1.781
13 7.44
14 2.909
15 1.951
16 3.974
17 5.051
18 2.783
19 1.253
20 4.687
21 5.479
22 1.353
23 3.5
24 6.423
25 8.681
26 7.406
27 6.745
28 3.694
29 2.961
30 1.157
31 15.548
32 6.56
33 5.137
34 5.347
35 5.726
36 3.006
37 1.983
38 5.368
39 13.181
40 2.107
41 4.504
42 2.234
43 54.461
44 11.569
45 18.896
46 4.534
47 2.834
48 27.752
49 9.191
50 6.135
51 6.524
52 18.454
53 5.464
54 4.874
55 2.1
56 9.955
57 6.123
58 1.271
59 6.209
60 2.777
61 7.173
62 2.11
63 3.36
64 1.599
65 6.32
66 3.786
67 1.008
68 19.953
69 5.666
70 6.152
71 3.864
72 6.048
73 10.989
74 19.345
75 4.112
76 4.346
77 1.957
78 1.559
79 1.1
80 6.68
81 2.727
82 6.037
83 1.892
84 2.014
85 5.931
86 4.042
87 7.193
88 10.861
89 11.007
90 15.084
91 3.956
92 5.186
93 4.798
94 2.645
95 4.501
96 5.909
97 4.637
98 6.783
99 5.862
100 3.046
101 2.28
102 1.754
103 6.299
104 4.131
105 8.574
106 3.443
107 6.487
108 3.84
109 5.784
110 12.437
111 12.131
112 4.343
113 3.363
114 6.045
115 17.612
116 3.475
117 2.501
118 5.113
119 3.91
120 8.249
121 21.11
122 3.789
123 7.003
124 2.755
125 3.043
126 10.328
127 8.683
128 5.945
129 5.531
130 5.306
131 7.603
132 11.715
133 14.37
134 4.047
135 2.372
136 11.7
137 3.764
138 7.072
139 6.463
140 3.887
141 4.455
142 24.255
143 14.43
144 5.239
145 4.1
146 10.008
147 14.797
148 26.365
149 3.57
150 7.622
151 7.347
152 6.371
153 8.179
154 9.809
155 5.376
156 10.459
157 4.204
158 4.054
159 6.914
160 7.633
161 2.015
162 3.909
163 9.597
164 9.181
165 9.37
166 8.838
167 23.752
168 1.282
169 1.529
170 18.023
171 40.223
172 9.21
173 14.483
174 3.79
175 8.096
176 6.937
177 2.549
178 2.902
179 5.176
180 10.544
181 6.686
182 6.031
183 5.887
184 7.079
185 5.123
186 7.644
187 147.703
188 7.261
189 4.275
190 2.33
191 4.689
192 7.31
193 14.205
194 2.268
195 3.102
196 20.545
197 13.7
198 4.887
199 4.351
200 3.864
201 4.442
202 1.194
203 2.772
204 6.821
205 2.568
206 3.534
207 1.357
208 3.929
209 15.298
210 5.975
211 3.767
212 11.138
213 5.745
214 12.217
215 4.94
216 4.526
217 6.636
218 7.966
219 1.78
220 4.874
221 6.533
222 3.675
223 1.926
224 8.817
225 3.581
226 8.246
227 9.147
228 5.15
229 8.377
230 5.252
231 3.085
232 1.661
233 2.059
234 13.699
235 8.537
236 4.496
237 3.264
238 21.503
239 23.215
240 13.636
241 15.059
242 0.897
243 0.844
244 6.632
245 9.47
246 4.034
247 8.438
248 2
249 0.49
250 4.571
251 5.008
252 14.866
253 11.783
254 15.592
255 26.278
256 16.129
257 2.038
258 2.856
259 14.374
260 5.739
261 5.818
262 5.15
263 3.894
264 10.629
265 5.131
266 2.764
267 16.407
268 10.188
269 7.061
270 6.835
271 2.413
272 2.22
273 1.875
274 3.581
275 1.165
276 2.687
277 8.722
278 6.388
279 5.103
280 4.555
281 2.518
282 3.598
283 3.442
284 3.406
285 5.348
286 5.593
287 12.57
288 1.982
289 2.168
290 13.078
291 11.569
292 5.765
293 5.319
294 11.769
295 8.792
296 7.637
297 2.677
298 12.539
299 22.91
300 6.602
301 12.888
302 14.283
303 1.792
304 9.363
305 16.431
306 3.143
307 6.508
308 2.663
309 8.967
310 2.92
311 5.058
312 3.847
313 19.039
314 7.448
315 3.64
316 3.787
317 9.499
318 10.669
319 9.086
320 9.943
321 7.604
322 9.628
323 18.624
324 21.903
325 99.805
326 67.752
327 1.276
328 1.152
329 4.403
330 14.487
331 12.627
332 4.348
333 7.393
334 4.606
335 11.296
336 3.975
337 2.631
338 3.556
339 7.144
340 1.545
341 1.5
342 9.151
343 3.237
344 13.698
345 12.777
346 11.028
347 10.612
348 7.333
349 3.764
350 2.425
351 11.343
352 3.832
353 4.424
354 2.772
355 2.93
356 3.799
357 7.527
358 1.263
359 1.479
360 3.671
361 4.101
362 7.053
363 4.768
364 15.575
365 11.052
366 4.412
367 30.577
368 5.106
369 3.828
370 7.361
371 6.102
372 3.62
373 2.209
374 1.769
375 7.534
376 2.687
377 14.383
378 8.303
379 2.298
380 5.27
381 2.883
382 27.973
383 5.11
384 2.471
385 5.15
386 5.948
387 1.706
388 7.559
389 3.515
390 4.17
391 7.439
392 7.734
393 5.874
394 7.801
395 12.275
396 8.767
397 2.427
398 2.862
399 45.09
400 0.451
401 2.492
402 1.648
403 129.289
404 12.244
405 21.135
406 5.432
407 4.017
408 211.079
409 1.43
410 3.437
411 5.335
412 143.726
413 4.391
414 3.703
415 6.353
416 7.307
417 4.984
418 7.295
419 5.405
420 5.816
421 4.545
422 2.13
423 23.987
424 13.76
425 1.445
426 2.493
427 2.1
428 3.137
429 3.749
430 6.206
431 13.632
432 9.709
433 5.362
434 6.614
435 26.226
436 0.4
437 2.865
438 16.497
439 13.955
440 2.912
441 2.167
442 8.772
443 3.487
444 6.95
445 6.449
446 4.439
447 3.077
448 3.839
449 15.703
450 37.309
451 7.865
452 7.472
453 4.354
454 5.877
455 21.862
456 21.217
457 6.882
458 6.823
459 16.223
460 2.809
461 3.396
462 8.072
463 7.928
464 7.149
465 3.324
466 10.051
467 9.105
468 71.751
469 13.012
470 9.811
471 2.577
472 1.382
473 9.421
474 17.258
475 3.346
476 2.035
477 2.072
478 6.349
479 9.787
480 12.024
481 6.807
482 25.429
483 16.241
484 3.096
485 5.074
486 1.435
487 4.277
488 29.245
489 12.794
490 7.011
491 29.214
492 18.891
493 4.589
494 7.176
495 14.733
496 0.378
497 2.243
498 2.39
499 0.881
500 2.246
501 6.493
502 9.291
503 3.188
504 2.295
505 21.584
506 17.855
507 3.899
508 0.968
509 14.217
510 17.478
511 7.857
512 15.95
513 20.136
514 3.868
515 0.094
516 2.463
517 3.922
518 7.451
519 7.463
520 4.13
521 8.297
522 8.175
523 6.113
524 5.162
525 2.855
526 11.978
527 9.001
528 2.137
529 1.566
530 3.831
531 3.821
532 2.669
533 1.618
534 3.34
535 0.838
536 5.388
537 9.349
538 9.083
539 16.835
540 14.458
541 14.713
542 15.013
543 2.383
544 9.379
545 6.797
546 14.104
547 20.455
548 30.095
549 7.525
550 10.151
551 3.16
552 26.627
553 6.833
554 2.96
555 1.718
556 9.191
557 12.053
558 4.343
559 4.261
560 5.964
561 4.924
562 3.087
563 4.427
564 6.367
565 11.666
566 3.724
567 2.851
568 2.383
569 11.806
570 14.373
571 9.035
572 2.512
573 3.172
574 8.311
575 12.182
576 90.821
577 8.654
578 8.2
579 29.492
580 12.84
581 5.605
582 2.884
583 3.982
584 7.984
585 6.973
586 7.618
587 7.667
588 6.369
589 1.945
590 2.936
591 6.291
592 3.423
593 1.28
594 2.586
595 1.14
596 0.708
597 10.941
598 4.602
599 5.583
600 2.821
601 15.528
602 8.133
603 5.807
604 2.529
605 1.594
606 1.684
607 11.561
608 9.466
609 10.342
610 3.588
611 7.53
612 1.656
613 3.046
614 24.581
615 10.294
616 12.343
617 10.14
618 9.621
619 2.587
620 11.371
621 19.383
622 1.279
623 3.529
624 8.461
625 3.471
626 1.998
627 1.578
628 13.127
629 4.426
630 6.824
631 2.878
632 1.778
633 4.992
634 21.575
635 12.637
636 3.871
637 3.781
638 13.913
639 11.865
640 24.664
641 4.809
642 11.261
643 7.386
644 9.213
645 3.148
646 1.98
647 4.502
648 10.364
649 14.418
650 12.726
651 17.217
652 7.472
653 9.165
654 5.281
655 5.5
656 4.186
657 4.18
658 2.487
659 4.661
660 5.683
661 3.102
662 8.198
663 3.364
664 4.036
665 1.302
666 3.381
667 3.948
668 2.125
669 7.679
670 10.819
671 1.049
672 3.921
673 14.497
674 17.502
675 7.483
676 1.536
677 3.053
678 1.55
679 19.643
680 5.14
681 3.839
682 11.723
683 8.452
684 11.286
685 3.224
686 7.008
687 11.099
688 3.103
689 1.474
690 15.131
691 6.196
692 14.505
693 15.49
694 2.382
695 2.542
696 57.7
697 2.928
698 18.188
699 29.081
700 1.797
701 2.124
702 8.211
703 5.641
704 8.326
705 10.331
706 5.457
707 5.588
708 1.16
709 2.158
710 5.86
711 10.35
712 8.024
713 8.32
714 5.844
715 5.106
716 11.603
717 6.787
718 6.932
719 5.231
720 2.845
721 6.688
722 9.078
723 1.185
724 1.176
725 3.74
726 7.815
727 8.812
728 7.302
729 4.673
730 3.502
731 2.394
732 17.943
733 3.99
734 3.841
735 8.082
736 3.096
737 1.215
738 12.968
739 7.293
740 3.185
741 4.966
742 17.926
743 11.209
744 6.482
745 18.78
746 6.937
747 9.741
748 5.988
749 6.413
750 17.014
751 13.822
752 9.622
753 3.894
754 3.571
755 13.232
756 24.994
757 3.542
758 5.582
759 3.58
760 3.69
761 3.903
762 6.964
763 8.207
764 16.932
765 22.619
766 14.458
767 18.259
768 3.605
769 14.844
770 19.952
771 3.195
772 0.786
773 1.707
774 5.492
775 9.835
776 5.095
777 8.418
778 14.658
779 3.392
780 1.63
781 8.73
782 7.66
783 3.887
784 2.354
785 9.391
786 3.764
787 1.255
788 4.123
789 12.697
790 6.891
791 4.265
792 3.964
793 3.063
794 2.162
795 5.38
796 3.153
797 4.329
798 3.463
799 1.642
800 9.392
801 6.177
802 76.15
803 13.9
804 4.61
805 2.662
806 1.428
807 2.489
808 10.926
809 36.726
810 18.82
811 0.603
812 0.503
813 9.286
814 5.772
815 2.661
816 3.187
817 27.289
818 3.054
819 43.879
820 3.383
821 9.346
822 8.2
823 11.246
824 23.349
825 2.167
826 1.575
827 3.472
828 4.286
829 2.875
830 2.21
831 7.728
832 9.977
833 12.074
834 9.213
835 10.249
836 6.498
837 9.263
838 6.998
839 7.3
840 8.834
841 7.053
842 2.787
843 2.959
844 6.877
845 5.242
846 2.515
847 4.356
848 10.034
849 8.719
850 5.962
851 4.282
852 2.807
853 5.524
854 4.822
855 7.302
856 6.844
857 7.198
858 8.629
859 8.836
860 1.874
861 1.032
862 25.213
863 13.704
864 2.464
865 3.207
866 16.019
867 16.411
868 3.755
869 12.776
870 10.609
871 19.369
872 14.291
873 6.324
874 13.619
875 7.887
876 7.456
877 5.795
878 6.428
879 6.425
880 4.504
881 5.019
882 1.93
883 1.918
884 1.94
885 2.337
886 1.77
887 7.084
888 5.969
889 2.3
890 3.303
891 1.97
892 15.15
893 5.013
894 2.95
895 7.572
896 6.759
897 3.201
898 4.301
899 4.731
900 4.034
901 10.109
902 3.358
903 14.364
904 12.398
905 5.47
906 1.635
907 2.415
908 1.47
909 5.704
910 11.074
911 14.732
912 2.589
913 5.338
914 7.1
915 3.877
916 9.597
917 7.523
918 2.732
919 13.992
920 2.822
921 6.683
922 3.15
923 8.264
924 8.531
925 9.946
926 2.306
927 1.415
928 1.301
929 0.958
930 3.962
931 36.194
932 13.316
933 1.41
934 2.624
935 0.053
936 31.774
937 10.028
938 4.464
939 2.049
940 8.578
941 25.208
942 5.653
943 6.114
944 4.56
945 1.585
946 12.3
947 4.07
948 11.52
949 3.318
950 4.856
951 1.842
952 2.37
953 2.04
954 2.022
955 1.746
956 1.136
957 3.857
958 5.665
959 2.193
960 1.507
961 4.236
962 2.222
963 4.267
964 3.502
965 3.387
966 2.824
967 9.178
968 9.218
969 1.306
970 1.613
971 1.241
972 10.166
973 12.717
974 11.211
975 2.757
976 9.665
977 7.728
978 16.879
979 4.14
980 6.017
981 4.99
982 6.927
983 8.121
984 3.166
985 1.3
986 0.45
987 10.713
988 8.055
989 1.875
990 0.899
991 5.064
992 6.055
993 7.861
994 4.85
995 5.823
996 5.744
997 4.866
998 7.095
999 13.686
1000 8.266
1001 14.152
1002 3.251
1003 1.355
1004 5.4
1005 4.838
1006 7.74
1007 9.193
1008 16.486
1009 17.667
1010 2.773
1011 26.034
1012 17.548
1013 9.835
1014 8.859
1015 5.304
1016 22.182
1017 10.653
1018 10.458
1019 1.695
1020 1.438
1021 1.046
1022 5.02
1023 0.912
1024 4.617
1025 2.317
1026 1.786
1027 7.984
1028 4.101
1029 5.519
1030 3.465
1031 2.175
1032 12.529
1033 13.451
1034 5.508
1035 4.216
1036 3.451
1037 5.573
1038 8.236
1039 9.206
1040 3.425
1041 6.837
1042 4.242
1043 1.278
1044 4.456
1045 7.497
1046 2.843
1047 2.93
1048 3.446
1049 2.203
1050 6.882
1051 5.464
1052 13.251
1053 13.576
1054 8.609
1055 4.167
1056 5.035
1057 3.943
1058 5.267
1059 24.581
1060 28.996
1061 4.55
1062 4.084
1063 5.716
1064 0.001
1065 2.727
1066 2.413
1067 3.431
1068 4.215
1069 3.957
1070 2.956
1071 1.756
1072 8.482
1073 6.548
1074 6.844
1075 100.904
1076 3.36
1077 2.963
1078 14.311
1079 1.656
1080 1.389
1081 2.073
1082 3.059
1083 3.581
1084 10.352
1085 4.816
1086 5.722
1087 4.8
1088 10.576
1089 18.627
1090 12.328
1091 3.375
1092 2.126
1093 4.018
1094 5.19
1095 6.635
1096 16.076
1097 3.297
1098 1.601
1099 2.993
1100 2.741
1101 2.396
1102 2.288
1103 3.826
1104 14.136
1105 2.787
1106 12.088
1107 6.343
1108 15.588
1109 8.668
1110 17.968
1111 8.212
1112 9.046
1113 2.097
1114 11.755
1115 14.699
1116 15.642
1117 3.064
1118 1.614
1119 5.548
1120 4.586
1121 1.913
1122 3.696
1123 4.352
1124 16.139
1125 1.805
1126 6.107
1127 1.883
1128 9.69
1129 8.29
1130 3.023
1131 7.761
1132 0.962
1133 1
1134 1.495
1135 13.932
1136 6.149
1137 9.97
1138 12.347
1139 1.598
1140 1.409
1141 1.083
1142 5.477
1143 13.6
1144 7.237
1145 12.454
1146 5.293
1147 2.369
1148 8.82
1149 10.617
1150 20.19
1151 3.996
1152 3.149
1153 2.15
1154 1.621
1155 6.871
1156 15.302
1157 29.744
1158 8.592
1159 56.902
1160 7.106
1161 7.613
1162 6.772
1163 38.487
1164 19.185
1165 9.751
1166 5.038
1167 3.582
1168 6.194
1169 3.951
1170 8.751
1171 4.102
1172 12.906
1173 9.17
1174 4.526
1175 8.18
1176 5.419
1177 2.956
1178 9.212
1179 8.438
1180 21.926
1181 3.147
1182 3.594
1183 10.5
1184 1.3
1185 85.749
1186 129.698
1187 16.686
1188 28.39
1189 4.173
1190 3.998
1191 50.52
1192 12.976
1193 36.988
1194 23.431
1195 15.463
1196 5.691
1197 5.491
1198 5.262
1199 4.035
1200 1.236
1201 2.059
1202 60.161
1203 75.738
1204 3.379
1205 3.041
1206 5.344
1207 2.925
1208 1.786
1209 7.652
1210 14.884
1211 7.53
1212 19.619
1213 4.441
1214 6.089
1215 7.648
1216 8.196
1217 5.759
1218 9.595
1219 5.103
1220 10.307
1221 7.061
1222 5.963
1223 5.008
1224 8.704
1225 14.215
1226 81.889
1227 4.268
1228 2.845
1229 12.543
1230 9.629
1231 0.993
1232 7.66
1233 3.267
1234 2.17
1235 8.699
1236 8.513
1237 3.731
1238 11.65
1239 1.196
1240 3.491
1241 1.893
1242 10.345
1243 11
1244 17.573
1245 39.469
1246 5.67
1247 7.288
1248 4.301
1249 13.387
1250 2.751
1251 3.053
1252 2.257
1253 11.014
1254 22.591
1255 17.676
1256 10.157
1257 0.783
1258 8.899
1259 9.085
1260 3.63
1261 2.754
1262 8.094
1263 28.673
1264 19.522
1265 24.961
1266 16.549
1267 7.113
1268 5.14
1269 5.24
1270 3.022
1271 2.637
1272 19.856
1273 2.231
1274 1.558
1275 23.28
1276 19.639
1277 1.265
1278 1.172
1279 2.457
1280 4.042
1281 3.221
1282 9.159
1283 3.971
1284 1.921
1285 7.929
1286 8.118
1287 5.617
1288 2.085
1289 2.485
1290 3.999
1291 7.674
1292 10.937
1293 5.868
1294 17.817
1295 8.491
1296 11.048
1297 13.567
1298 3.313
1299 5.586
1300 8.757
1301 11.76
1302 18.172
1303 3.226
1304 18.291
1305 16.889
1306 1.49
1307 2.922
1308 6.631
1309 13.668
1310 1.226
1311 10.289
1312 4.4
1313 14.394
1314 13.22
1315 18.204
1316 5.365
1317 7.645
1318 60.611
1319 6.915
1320 3.053
1321 18.233
1322 9.518
1323 11.177
1324 8.348
1325 7.321
1326 3.723
1327 3.621
1328 2.944
1329 12.144
1330 1.194
1331 5.362
1332 3.484
1333 15.43
1334 2.14
1335 10.562
1336 13.354
1337 2.218
1338 24.973
1339 8.066
1340 2.732
1341 6.718
1342 7.914
1343 3.837
1344 2.75
1345 6.243
1346 12.772
1347 9.627
1348 9.538
1349 10.562
1350 6.792
1351 2.637
1352 5.615
1353 15.556
1354 9.802
1355 11.071
1356 4.045
1357 8.77
1358 6.773
1359 10.433
1360 22.14
1361 6.535
1362 5.18
1363 2.389
1364 2.894
1365 14.462
1366 4.148
1367 5.002
1368 6.413
1369 3.906
1370 9.012
1371 10.701
1372 12.153
1373 12.782
1374 6.105
1375 10.413
1376 4.519
1377 4.551
1378 2.153
1379 4.312
1380 5.024
1381 9.535
1382 13.401
1383 3.14
1384 3.356
1385 2.184
1386 9.016
1387 6.087
1388 27.97
1389 3.073
1390 2.564
1391 1.018
1392 1.84
1393 8.723
1394 19.389
1395 7.744
1396 13.433
1397 8.937
1398 6.618
1399 5.87
1400 11.74
1401 3.212
1402 2.393
1403 4.422
1404 8.756
1405 9.272
1406 3.842
1407 11.312
1408 7.419
1409 31.496
1410 2.407
1411 1.306
1412 13.768
1413 7.84
1414 1.681
1415 15.635
1416 12.87
1417 5.312
1418 10.421
1419 3.43
1420 3.438
1421 2.863
1422 4.347
1423 10.065
1424 17.058
1425 10.991
1426 4.382
1427 9.239
1428 4.538
1429 3.685
1430 6.905
1431 4.739
1432 5.022
1433 6.365
1434 19.401
1435 48.337
1436 4.619
1437 2.78
1438 0.777
1439 0.716
1440 14.597
1441 5.775
1442 4.373
1443 1.312
1444 0.931
1445 7.038
1446 5.767
1447 6.267
1448 19.092
1449 2.678
1450 4.264
1451 1.339
1452 2.15
1453 3.75
1454 7.895
1455 18.517
1456 24.316
1457 3.434
1458 3.567
1459 32.208
1460 8.374
1461 6.266
1462 3.549
1463 2.15
1464 1.21
1465 10.396
1466 8.071
1467 7.177
1468 4.178
1469 2.348
1470 8.599
1471 3.206
1472 7.759
1473 16.531
1474 9.091
1475 3.209
1476 2.715
1477 4.833
1478 13.154
1479 9.695
1480 25.055
1481 1.885
1482 2.719
1483 2.805
1484 4.261
1485 3.869
1486 3.231
1487 1.441
1488 2.62
1489 1.918
1490 2.427
1491 11.894
1492 5.439
1493 4.668
1494 23.098
1495 23.684
1496 2.03
1497 2.259
1498 16.426
1499 5.058
1500 5.564
1501 2.646
1502 2.658
1503 3.23
1504 2.649
1505 2.343
1506 5.692
1507 16.78
1508 1.95
1509 2.376
1510 2.4
1511 0.977
1512 2.177
1513 6.358
1514 10.336
1515 0.93
1516 6.165
1517 9.616
1518 6.588
1519 10.541
1520 9.017
1521 6.924
1522 2.146
1523 6.106
1524 2.352
1525 2.062
1526 9.914
1527 10.094
1528 2.495
1529 2.81
1530 4.983
1531 6.478
1532 8.331
1533 3.728
1534 4.626
1535 4.75
1536 6.67
1537 5.828
1538 19.253
1539 16.512
1540 9.033
1541 1.059
1542 1.923
1543 3.717
1544 4.106
1545 11.848
1546 7.037
1547 4.358
1548 2.119
1549 18.761
1550 9.044
1551 3.406
1552 2.165
1553 11.087
1554 3.644
1555 15.316
1556 5.728
1557 1.374
1558 3.609
1559 19.233
1560 12.151
1561 4.041
1562 5.886
1563 7.263
1564 6.419
1565 24.162
1566 8.827
1567 2.208
1568 21.898
1569 14.497
1570 23.131
1571 1.775
1572 2.045
1573 2.465
1574 1.491
1575 14.49
1576 1.765
1577 7.915
1578 1.238
1579 0.85
1580 6.412
1581 4.934
1582 3.066
1583 6.134
1584 1.784
1585 6.732
1586 16.949
1587 1.55
1588 1.242
1589 11.096
1590 6.08
1591 3.018
1592 3.778
1593 2.631
1594 0.747
1595 2.41
1596 6.622
1597 6.278
1598 8.732
1599 9.435
1600 8.747
1601 5.631
1602 3.055
1603 14.292
1604 2.934
1605 4.375
1606 2.388
1607 11.21
1608 72.596
1609 11.598
1610 9.979
1611 43.152
1612 6.791
1613 8.734
1614 19.555
1615 9.039
1616 12.013
1617 6.262
1618 4.407
1619 6.19
1620 13.984
1621 4.168
1622 0.178
1623 35.412
1624 26.402
1625 2.85
1626 21.608
1627 4.351
1628 13.285
1629 6.341
1630 4.814
1631 27.213
1632 29.997
1633 13.53
1634 19.013
1635 3.738
1636 8.318
1637 5.269
1638 15.786
1639 2.235
1640 2.727
1641 2.474
1642 4.622
1643 3.38
1644 6.158
1645 10.939
1646 34.401
1647 4.557
1648 5.874
1649 5.346
1650 14.561
1651 1.852
1652 18.039
1653 3.053
1654 3.412
1655 5.506
1656 10.44
1657 5.192
1658 2.652
1659 1.281
1660 1.345
1661 1.352
1662 4.962
1663 8.325
1664 2.267
1665 4.94
1666 15.616
1667 60.949
1668 11.875
1669 7.812
1670 18.43
1671 2.195
1672 3.232
1673 3.466
1674 6.526
1675 6.968
1676 73.978
1677 2.081
1678 5.611
1679 11.783
1680 0.685
1681 10.326
1682 5.654
1683 9.89
1684 7.887
1685 1.37
1686 31.286
1687 25.409
1688 10.662
1689 26.306
1690 4.04
1691 3.643
1692 1.292
1693 0.978
1694 6.639
1695 7.451
1696 1.791
1697 2.842
1698 6.213
1699 4.855
1700 2.127
1701 3.115
1702 3.495
1703 16.111
1704 12.111
1705 5.631
1706 8.602
1707 2.033
1708 15.57
1709 7.278
1710 3.616
1711 5.209
1712 3.417
1713 9.402
1714 6.269
1715 7.63
1716 3.08
1717 3.464
1718 6.527
1719 1.791
1720 5.781
1721 17.501
1722 4.85
1723 6.97
1724 11.142
1725 30.19
1726 7.37
1727 2.533
1728 6.204
1729 1.34
1730 9.04
1731 2.489
1732 13.597
1733 8.94
1734 8.86
1735 6.123
1736 8.581
1737 12.479
1738 4.722
1739 3.066
1740 7.049
1741 2.92
1742 4.492
1743 16.966
1744 12.944
1745 11.229
1746 6.802
1747 22.469
1748 23.384
1749 2.965
1750 6.976
1751 5.611
1752 5.846
1753 3.483
1754 4.458
1755 6.012
1756 8.905
1757 13.292
1758 13.366
1759 6.017
1760 8.326
1761 20.192
1762 6.721
1763 4.758
1764 4.814
1765 8.785
1766 11.471
1767 1.383
1768 1.56
1769 5.163
1770 6.83
1771 1.659
1772 29.007
1773 4.6
1774 4.475
1775 4.928
1776 4.334
1777 3.203
1778 6.554
1779 4.533
1780 4.819
1781 5.35
1782 5.196
1783 4.073
1784 2.149
1785 7.091
1786 5.081
1787 14.262
1788 3.403
1789 8.181
1790 4.751
1791 10.697
1792 4.547
1793 4.486
1794 7.553
1795 29.333
1796 27.643
1797 7.849
1798 6.293
1799 8.076
1800 2.704
1801 7.759
1802 9.385
1803 9.636
1804 8.191
1805 12.166
1806 6.362
1807 7.14
1808 6.025
1809 5.951
1810 3.487
1811 7.768
1812 14.156
1813 18.326
1814 6.514
1815 2.925
1816 3.16
1817 24.5
1818 8.216
1819 3.441
1820 1.35
1821 11.847
1822 9.327
1823 4.41
1824 2.068
1825 6.94
1826 5.914
1827 1.239
1828 11.255
1829 6.731
1830 7.956
1831 1.339
1832 0.277
1833 6.786
1834 6.221
1835 19.111
1836 5.273
1837 3.078
1838 4.031
1839 4.725
1840 1.593
1841 1.954
1842 0.839
1843 2.085
1844 1.489
1845 19.627
1846 4.431
1847 7.864
1848 1.893
1849 4.48
1850 1.036
1851 14.255
1852 10.009
1853 2.279
1854 3.776
1855 1.566
1856 13.759
1857 5.989
1858 29.592
1859 9.526
1860 7.363
1861 11.004
1862 1.756
1863 16.868
1864 18.767
1865 71.279
1866 15.278
1867 5.705
1868 13.84
1869 3.573
1870 2.182
1871 2.861
1872 1.056
1873 2.588
1874 2.152
1875 28.89
1876 9.672
1877 6.138
1878 4.668
1879 9.422
1880 5.492
1881 0.004
1882 2.522
1883 10.718
1884 4.817
1885 12.59
1886 4.452
1887 30.347
1888 14.46
1889 7.081
1890 4.363
1891 1.648
1892 3.141
1893 7.9
1894 7.181
1895 4.18
1896 5.236
1897 15.267
1898 3.335
1899 6.554
1900 0.836
1901 5.491
1902 9.861
1903 6.206
1904 7.849
1905 3.534
1906 2.301
1907 23.151
1908 44.877
1909 10.931
1910 38.779
1911 3.903
1912 14.629
1913 1.213
1914 3.338
1915 8.045
1916 4.398
1917 9.449
1918 6.3
1919 0.68
1920 3.305
1921 2.769
1922 4.67
1923 4.611
1924 4.25
1925 4.9
1926 2.513
1927 17.354
1928 12.921
1929 2.943
1930 2.174
1931 7.943
1932 4.58
1933 4.442
1934 4.559
1935 9.934
1936 4.474
1937 4.113
1938 10.258
1939 5.528
1940 2.359
1941 4.068
1942 3.14
1943 20.542
1944 7.351
1945 3.208
1946 2.979
1947 3.081
1948 7.963
1949 0.556
1950 0.915
1951 3.483
1952 9.861
1953 6.519
1954 3.556
1955 3.792
1956 11.793
1957 23.637
1958 2.447
1959 2.712
1960 1.558
1961 2.705
1962 13.878
1963 14.892
1964 10.997
1965 7.552
1966 2.858
1967 5.511
1968 7.045
1969 4.378
1970 4.87
1971 6.524
1972 7.393
1973 4.18
1974 6.714
1975 2.586
1976 7.696
1977 3.527
1978 2.534
1979 6.066
1980 18.797
1981 1.408
1982 5.199
1983 3.326
1984 6.242
1985 6.034
1986 2.463
1987 4.37
1988 7.67
1989 6.552
1990 8.692
1991 4.853
1992 4.72
1993 8.373
1994 1.802
1995 1.268
1996 1.803
1997 15.323
1998 3.276
1999 13.55
2000 28.139
2001 1.255
2002 1.479
2003 1.309
2004 12.768
2005 6.688
2006 2.684
2007 2.063
2008 4.871
2009 1.688
2010 0.372
2011 0.945
2012 14.769
2013 3.755
2014 12.365
2015 2.443
2016 2.317
2017 18.981
2018 24.724
2019 5.162
2020 4.454
2021 3.821
2022 13.723
2023 1.077
2024 3.299
2025 1.893
2026 12.526
2027 4.886
2028 0.037
2029 6.383
2030 9.183
2031 3.966
2032 2.244
2033 11.805
2034 7.646
2035 9.013
2036 6.397
2037 10.769
2038 42.38
2039 23.881
2040 4.438
2041 84.314
2042 15.985
2043 15.224
2044 10.088
2045 18.99
2046 2.684
2047 1.663
2048 1.752
2049 3.011
2050 2.785
2051 1.75
2052 5.125
2053 1.72
2054 2.435
2055 7.445
2056 1.97
2057 3.289
2058 2.552
2059 6.103
2060 5.904
2061 7.14
2062 7.841
2063 28.963
2064 47.218
2065 3.715
2066 1.46
2067 6.752
2068 33.872
2069 4.581
2070 6.844
2071 4.661
2072 10.019
2073 4.532
2074 2.804
2075 6.82
2076 1.445
2077 5.163
2078 6.536
2079 6.134
2080 6.848
2081 1.28
2082 7.717
2083 4.52
2084 5.36
2085 14.255
2086 5.841
2087 6.344
2088 9.038
2089 3.211
2090 5.44
2091 6.277
2092 8.786
2093 8.668
2094 6.607
2095 4.515
2096 5.487
2097 2.168
2098 1.689
2099 1.003
2100 20.487
2101 11.538
2102 2.9
2103 15.439
2104 24.886
2105 42.992
2106 4.495
2107 3.051
2108 3.525
2109 1.866
2110 3.532
2111 3.984
2112 3.378
2113 2.824
2114 6.214
2115 9.547
2116 6.773
2117 15.847
2118 8.805
2119 3.81
2120 10.307
2121 1.5
2122 6.905
2123 5.301
2124 2.76
2125 13.23
2126 11.478
2127 2.564
2128 6.425
2129 7.993
2130 15.462
2131 18.98
2132 29.743
2133 9.914
2134 2.002
2135 3.138
2136 0.985
2137 1.48
2138 1.423
2139 2.682
2140 13.484
2141 6.718
2142 2.611
2143 2.785
2144 11.505
2145 17.824
2146 4.465
2147 1.884
2148 5.258
2149 4.271
2150 4.873
2151 9.178
2152 19.595
2153 9.28
2154 6.075
2155 9.461
2156 27.405
2157 1.973
2158 6.973
2159 2.736
2160 4.833
2161 6.753
2162 7.48
2163 6.288
2164 7.606
2165 6.71
2166 1.183
2167 1.65
2168 32.839
2169 20.6
2170 15.162
2171 3.249
2172 10.981
2173 4.616
2174 2.169
2175 2.831
2176 18.507
2177 1.03
2178 3.52
2179 5.251
2180 6.833
2181 3.611
2182 1.223
2183 1.814
2184 6.094
2185 28.923
2186 14.103
2187 6.479
2188 8.286
2189 1.924
2190 3.19
2191 3.239
2192 9.22
2193 2.395
2194 9.965
2195 7.411
2196 4.896
2197 3.289
2198 4.771
2199 3.797
2200 2.232
2201 2.543
2202 8.187
2203 8.863
2204 6.511
2205 1.149
2206 6.8
2207 2.602
2208 14.028
2209 3.539
2210 2.264
2211 0.775
2212 1.689
2213 1.39
2214 16.393
2215 7.572
2216 23.985
2217 9.736
2218 6.838
2219 4.242
2220 14.848
2221 16.435
2222 3.044
2223 7.13
2224 7.612
2225 5.546
2226 3.861
2227 5.375
2228 3.213
2229 6.283
2230 39.478
2231 7.22
2232 4.703
2233 5.168
2234 3.812
2235 2.119
2236 65.598
2237 11.466
2238 7.853
2239 5.163
2240 23.996
2241 1.827
2242 4.877
2243 3.235
2244 9.376
2245 9.531
2246 3.393
2247 6.428
2248 1.555
2249 3.885
2250 9.719
2251 10.824
2252 6.22
2253 7.858
2254 6.131
2255 2.119
2256 4.314
2257 8.935
2258 6.058
2259 5.481
2260 7.062
2261 5.43
2262 21.84
2263 58.541
2264 43.982
2265 12.257
2266 9.6
2267 20.816
2268 10.274
2269 17.414
2270 35.527
2271 47.961
2272 2.908
2273 8.187
2274 3.04
2275 9.143
2276 4.446
2277 2.854
2278 4.023
2279 5.868
2280 5.629
2281 5.208
2282 6.276
2283 4.087
2284 5.893
2285 1.521
2286 9.757
2287 4.011
2288 2.704
2289 4.664
2290 9.387
2291 13.468
2292 2.015
2293 6.033
2294 6.593
2295 9.265
2296 21.26
2297 8.883
2298 27.163
2299 7.803
2300 3.125
2301 11.772
2302 6.657
2303 12.078
2304 7.383
2305 31.7
2306 2.666
2307 12.511
2308 13.272
2309 7.826
2310 3.228
2311 6.796
2312 4.218
2313 4.623
2314 4.307
2315 6.386
2316 10.611
2317 30.762
2318 38.239
2319 3.517
2320 34.73
2321 2.642
2322 8.165
2323 8.108
2324 14.253
2325 18.963
2326 11.316
2327 4.27
2328 5.104
2329 5.991
2330 1.304
2331 4.85
2332 4.275
2333 6.01
2334 17.401
2335 3.909
2336 14.788
2337 2.597
2338 14.344
2339 4.44
2340 3.751
2341 0.85
2342 2.512
2343 2.819
2344 5.115
2345 5.853
2346 5.925
2347 9.963
2348 1.192
2349 2.25
2350 9.704
2351 4.425
2352 7.429
2353 3.318
2354 16.064
2355 1.534
2356 1.873
2357 2.478
2358 0.715
2359 7.515
2360 6.204
2361 4.965
2362 4.187
2363 4.199
2364 1.238
2365 7
2366 6.728
2367 8.078
2368 4.607
2369 13.449
2370 2.495
2371 4.191
2372 7.692
2373 1.158
2374 3.752
2375 2.895
2376 6.898
2377 6.259
2378 12.03
2379 14.571
2380 10.437
2381 4.542
2382 11.306
2383 0.001
2384 4.449
2385 1.364
2386 9.339
2387 11.233
2388 1.498
2389 13.599
2390 10.643
2391 3.598
2392 5.147
2393 15.073
2394 3.108
2395 2.578
2396 17.753
2397 3.78
2398 4.889
2399 7.23
2400 3.911
2401 11.356
2402 29.59
2403 6.557
2404 7.194
2405 4.808
2406 7.11
2407 7.729
2408 6.236
2409 7.778
2410 1.8
2411 40.812
2412 55.145
2413 6.739
2414 27.422
2415 4.101
2416 6.613
2417 36.361
2418 2.242
2419 1.652
2420 5.521
2421 13.848
2422 2.533
2423 9.239
2424 5.215
2425 2.802
2426 24.293
2427 21.606
2428 9.071
2429 8.633
2430 7.215
2431 10.371
2432 5.565
2433 50.466
2434 0.331
2435 10.308
2436 2.98
2437 7.081
2438 7.539
2439 3.987
2440 22.599
2441 6.546
2442 7.777
2443 9.243
2444 18.447
2445 7.656
2446 6.388
2447 12.088
2448 15.518
2449 11.409
2450 9.148
2451 9.266
2452 7.435
2453 3.755
2454 7.194
2455 9.001
2456 8.533
2457 15.006
2458 34.825
2459 7.026
2460 4.718
2461 3.277
2462 8.632
2463 17.542
2464 3.683
2465 7.512
2466 4.728
2467 1.33
2468 4.166
2469 9.028
2470 11.468
2471 3.605
2472 6.205
2473 8.962
2474 13.003
2475 1.692
2476 2.248
2477 7.298
2478 3.565
2479 3.923
2480 13.403
2481 7.382
2482 3.453
2483 12.655
2484 5.907
2485 6.745
2486 6.661
2487 8.274
2488 16.827
2489 7.082
2490 2.15
2491 6.37
2492 6.364
2493 33.104
2494 6.257
2495 17.602
2496 3.976
2497 2.819
2498 3.155
2499 9.328
2500 7.378
2501 5.764
2502 6.014
2503 15.209
2504 7.538
2505 12.562
2506 8.084
2507 3.081
2508 4.5
2509 5.301
2510 9.255
2511 27.321
2512 3.638
2513 1.979
2514 7.369
2515 2.606
2516 9.927
2517 14.678
2518 61.684
2519 11.889
2520 8.811
2521 18.653
2522 20.194
2523 35.679
2524 13.545
2525 3.075
2526 6.899
2527 3.932
2528 3.365
2529 0.494
2530 10.517
2531 16.536
2532 3.735
2533 0.001
2534 3.358
2535 4.004
2536 3.939
2537 5.594
2538 3.251
2539 3.66
2540 5.079
2541 4.002
2542 2.219
2543 6.956
2544 3.095
2545 5.691
2546 0.001
2547 4.009
2548 3.69
2549 4.911
2550 4.887
2551 6.3
2552 4.901
2553 9.951
2554 7.017
2555 15.576
2556 14.969
2557 42.88
2558 2.483
2559 20.085
2560 5.952
2561 41.917
2562 75.231
2563 4.175
2564 5.961
2565 6.447
2566 10.571
2567 3.406
2568 3.242
2569 1.741
2570 5.134
2571 6.998
2572 6.57
2573 7.126
2574 0.967
2575 8.144
2576 14.071
2577 75.642
2578 6.675
2579 6.155
2580 40.488
2581 21.693
2582 32.727
2583 4.086
2584 5.589
2585 17.401
2586 7.64
2587 4.582
2588 5.125
2589 5.841
2590 6.567
2591 19.096
2592 6.131
2593 2.309
2594 2.107
2595 2.387
2596 7.187
2597 15.055
2598 1.906
2599 4.633
2600 1.3
2601 7.079
2602 6.235
2603 15.13
2604 6.465
2605 10.538
2606 1.266
2607 23.33
2608 6.137
2609 16.703
2610 9.045
2611 2.159
2612 3.271
2613 11.691
2614 23.273
2615 22.436
2616 12.35
2617 6.865
2618 5.901
2619 13.187
2620 6.643
2621 7.199
2622 17.91
2623 5.953
2624 6.54
2625 17.768
2626 12.639
2627 1.67
2628 2.517
2629 1.52
2630 2.766
2631 1.732
2632 2.207
2633 1.943
2634 1.271
2635 4.377
2636 10.67
2637 14.041
2638 14.828
2639 0.919
2640 8.226
2641 5.503
2642 11.125
2643 14.194
2644 5.256
2645 6.624
2646 2.87
2647 2.412
2648 5.396
2649 2.089
2650 9.028
2651 10.639
2652 13.02
2653 9.037
2654 3.45
2655 26.026
2656 6.665
2657 9.383
2658 18.462
2659 14.505
2660 3.9
2661 5.369
2662 73.751
2663 17.924
2664 5.895
2665 14.475
2666 12.405
2667 3.375
2668 5.856
2669 1.865
2670 3.556
2671 10.665
2672 5.981
2673 6.57
2674 4.127
2675 18.07
2676 14.21
2677 6.559
2678 2.64
2679 8.929
2680 8.033
2681 23.533
2682 13.886
2683 4.365
2684 9.647
2685 2.898
2686 2.633
2687 8.405
2688 10.852
2689 2.351
2690 7.259
2691 25.907
2692 6.376
2693 5.552
2694 6.805
2695 5.21
2696 8.838
2697 6.879
2698 3.982
2699 3.769
2700 4.089
2701 1.164
2702 0.903
2703 14.16
2704 6.154
2705 2.23
2706 8.412
2707 0.718
2708 0.784
2709 3.126
2710 1.768
2711 1.599
2712 0.079
2713 20.469
2714 6.06
2715 9.256
2716 9.555
2717 7.418
2718 12.783
2719 4.396
2720 3.78
2721 3.488
2722 8.304
2723 9.376
2724 2.374
2725 1.321
2726 4.185
2727 12.28
2728 2.521
2729 3.9
2730 1.241
2731 9.662
2732 41.167
2733 6.399
2734 6.684
2735 8.586
2736 7.222
2737 1.554
2738 22.348
2739 7.918
2740 16.459
2741 1.525
2742 1.678
2743 0.575
2744 12.742
2745 2.518
2746 1.626
2747 9.164
2748 4.106
2749 6.031
2750 1.103
2751 1.313
2752 3.768
2753 16.438
2754 5.184
2755 4.867
2756 8.117
2757 6.048
2758 4.447
2759 3.984
2760 4.735
2761 2.059
2762 7.639
2763 8.61
2764 3.265
2765 3.835
2766 7.652
2767 14.628
2768 47.316
2769 3.822
2770 2.05
2771 4.345
2772 3.132
2773 5.091
2774 5.409
2775 4.421
2776 5.396
2777 0.235
2778 4.299
2779 2.699
2780 4.782
2781 6.601
2782 4.592
2783 2.045
2784 16.592
2785 4.682
2786 6.839
2787 4.001
2788 1.41
2789 6.652
2790 11.459
2791 13.409
2792 6.651
2793 9.003
2794 10.695
2795 9.811
2796 13.532
2797 5.205
2798 46.435
2799 7.911
2800 1.387
2801 2.734
2802 5.101
2803 3.18
2804 2.31
2805 11.879
2806 4.686
2807 2.656
2808 3.076
2809 5.744
2810 5.468
2811 3.203
2812 2.718
2813 2.138
2814 3.767
2815 8.35
2816 6.186
2817 11.644
2818 9.78
2819 2.689
2820 8.502
2821 102.557
2822 55.59
2823 1.729
2824 1.885
2825 2.891
2826 4.217
2827 3.21
2828 3.063
2829 10.571
2830 4.825
2831 8.653
2832 1.771
2833 4.768
2834 9.446
2835 8.623
2836 4.711
2837 7.538
2838 1.774
2839 5.301
2840 7.709
2841 2.002
2842 3.842
2843 6.852
2844 12.978
2845 29.62
2846 8.529
2847 14.767
2848 3.515
2849 17.277
2850 0.03
2851 72.55
2852 16.889
2853 2.663
2854 5.688
2855 11.708
2856 13.307
2857 16.21
2858 3.05
2859 1.476
2860 3.58
2861 14.113
2862 5.412
2863 11.761
2864 4.415
2865 11.495
2866 5.615
2867 4.801
2868 4.822
2869 7.035
2870 4.942
2871 11.324
2872 2.901
2873 16.125
2874 27.453
2875 34.299
2876 7.318
2877 4.022
2878 4.737
2879 21.067
2880 19.76
2881 7.552
2882 6.995
2883 11.384
2884 14.293
2885 1.899
2886 15.747
2887 4.89
2888 4.824
2889 54.616
2890 19.885
2891 18.848
2892 35.808
2893 9.733
2894 12.181
2895 17.062
2896 3.127
2897 5.979
2898 8.007
2899 22.036
2900 3.196
2901 18.63
2902 10.369
2903 3.168
2904 19.72
2905 6.264
2906 22.726
2907 6.239
2908 7.943
2909 8.062
2910 8.701
2911 6.552
2912 2.606
2913 5.056
2914 7.203
2915 17.131
2916 10.382
2917 0.093
2918 2.525
2919 6.899
2920 4.896
2921 4.503
2922 12.485
2923 13.183
2924 48.071
2925 5.321
2926 2.074
2927 9.209
2928 3.141
2929 0.88
2930 5.381
2931 5.97
2932 9.065
2933 16.139
2934 7.954
2935 18.084
2936 3.521
2937 1.846
2938 2.187
2939 1.424
2940 9.962
2941 4.287
2942 4.9
2943 3.515
2944 16.221
2945 14.727
2946 7.407
2947 6.78
2948 2.731
2949 7.038
2950 2.814
2951 10.675
2952 17.649
2953 47.445
2954 3.87
2955 3.376
2956 5.116
2957 9.773
2958 3.916
2959 6.977
2960 3.004
2961 2.402
2962 3.257
2963 8.553
2964 10.599
2965 3.857
2966 4.864
2967 4.731
2968 4.362
2969 9.418
2970 14.096
2971 6.961
2972 4.166
2973 7.345
2974 3.211
2975 2.917
2976 10.235
2977 14.606
2978 4.071
2979 14.14
2980 3.347
2981 5.139
2982 14.311
2983 4.12
2984 16.065
2985 20.782
2986 8.775
2987 4.056
2988 1.787
2989 2.401
2990 2.026
2991 5.504
2992 22.305
2993 7.705
2994 23.015
2995 4.394
2996 3.812
2997 3.967
2998 6.102
2999 4.426
3000 16.231
3001 12.109
3002 11.279
3003 19.916
3004 5.272
3005 7.865
3006 19.956
3007 7.36
3008 10.075
3009 21.86
3010 7.215
3011 5.799
3012 9.063
3013 5.708
3014 7.314
3015 1.66
3016 1.435
3017 4.147
3018 3.078
3019 30.004
3020 10.157
3021 3.144
3022 8.939
3023 4.895
3024 5.689
3025 6.305
3026 5.086
3027 8.284
3028 3.676
3029 13.37
3030 76.991
3031 3.704
3032 7.561
3033 4.495
3034 3.122
3035 4.263
3036 5.61
3037 1.748
3038 4.916
3039 2.459
3040 9.303
3041 6.553
3042 5.316
3043 1.238
3044 3.469
3045 3.686
3046 5.529
3047 2.546
3048 5.466
3049 5.708
3050 15.787
3051 30.9
3052 5.417
3053 3.202
3054 2.959
3055 5.835
3056 6.594
3057 10.337
3058 4.561
3059 1.099
3060 5.797
3061 77.804
3062 2.846
3063 11.552
3064 5.647
3065 3.301
3066 1.198
3067 1.828
3068 34.052
3069 9.585
3070 3.612
3071 1.466
3072 3.61
3073 74.583
3074 23.142
3075 7.219
3076 3.898
3077 1.95
3078 0.911
3079 7.586
3080 3.798
3081 6.08
3082 2.353
3083 10.497
3084 3.7
3085 25.946
3086 3.497
3087 4.168
3088 3.131
3089 2.614
3090 4.707
3091 21.684
3092 6.498
3093 12.035
3094 2.475
3095 12.893
3096 4.541
3097 4.886
3098 2.817
3099 1.881
3100 5.353
3101 8.211
3102 1.718
3103 4.187
3104 23.183
3105 3.868
3106 4.92
3107 11.818
3108 2.619
3109 5.816
3110 5.261
3111 2.913
3112 56.092
3113 3.427
3114 9.864
3115 8.802
3116 1.192
3117 1.707
3118 4.497
3119 3.561
3120 3.65
3121 2.399
3122 4.573
3123 5.08
3124 1.765
3125 9.345
3126 2.573
3127 1.462
3128 1.228
3129 14.205
3130 10.977
3131 6.948
3132 11.527
3133 4.863
3134 4.411
3135 7.482
3136 5.036
3137 9.631
3138 8.662
3139 2.733
3140 1.709
3141 17.116
3142 74.5
3143 9.055
3144 4.265
3145 5.184
3146 5.131
3147 4.199
3148 8.592
3149 2.871
3150 6.832
3151 2.51
3152 7.758
3153 4.965
3154 11.745
3155 1.354
3156 3.408
3157 6.606
3158 5.037
3159 4.797
3160 4.396
3161 8.545
3162 7.498
3163 1.25
3164 4.071
3165 7.193
3166 2.185
3167 3.341
3168 5.976
3169 1.337
3170 3.836
3171 3.149
3172 1.833
3173 7.469
3174 7.84
3175 5.611
3176 8.464
3177 9.246
3178 59.176
3179 8.443
3180 3.107
3181 13.29
3182 0.838
3183 4.159
3184 4.525
3185 10.061
3186 9.931
3187 9.608
3188 2.898
3189 5.459
3190 11.854
3191 3.928
3192 2.715
3193 13.617
3194 3.405
3195 7.904
3196 9.344
3197 3.978
3198 2.826
3199 17.745
3200 4.58
3201 0.787
3202 1.776
3203 6.873
3204 6.35
3205 3.861
3206 7.649
3207 1.815
3208 12.596
3209 4.048
3210 2.119
3211 4.964
3212 7.401
3213 26.408
3214 3.72
3215 1.459
3216 6.828
3217 2.715
3218 3.734
3219 6.628
3220 5.605
3221 18.214
3222 37.697
3223 8.241
3224 2.664
3225 2.621
3226 11.21
3227 9.623
3228 7.802
3229 7.377
3230 5.063
3231 24.411
3232 6.503
3233 5.094
3234 4.908
3235 16.219
3236 7.633
3237 2.162
3238 4.811
3239 4.401
3240 2.298
3241 4.229
3242 3.015
3243 5.952
3244 12.621
3245 4.287
3246 3.581
3247 4.47
3248 6.939
3249 4.818
3250 2.41
3251 20.038
3252 17.005
3253 16.103
3254 22.09
3255 9.087
3256 2.48
3257 4.293
3258 1.482
3259 2.705
3260 12.727
3261 2.889
3262 8.548
3263 8.238
3264 4.227
3265 10.768
3266 32.215
3267 3.527
3268 4.235
3269 3.248
3270 0.145
3271 7.286
3272 34.973
3273 5.815
3274 5.68
3275 20.814
3276 7.327
3277 1.213
3278 1.828
3279 2.991
3280 8.782
3281 3.025
3282 4.123
3283 25.32
3284 33.142
3285 15.799
3286 1.099
3287 9.315
3288 5.569
3289 4.934
3290 5.952
3291 9.312
3292 5.984
3293 3.642
3294 0.307
3295 7.75
3296 44.08
3297 6.833
3298 6.065
3299 1.602
3300 4.552
3301 3.144
3302 9.12
3303 5.986
3304 6.74
3305 7.199
3306 9.402
3307 25.125
3308 1.859
3309 28.91
3310 7.681
3311 18.542
3312 9.517
3313 7.796
3314 2.676
3315 5.761
3316 4.348
3317 9.315
3318 2.999
3319 2.728
3320 9.029
3321 66.028
3322 10.486
3323 23.947
3324 4.369
3325 9.11
3326 17.118
3327 2.234
3328 2.007
3329 7.425
3330 4.112
3331 5.175
3332 1.968
3333 9.903
3334 11.98
3335 10.302
3336 4.91
3337 5.71
3338 9.32
3339 13.828
3340 16.577
3341 4.464
3342 4.553
3343 2.646
3344 0.002
3345 9.729
3346 3.828
3347 38.735
3348 12.065
3349 11.244
3350 8.484
3351 6.32
3352 7.689
3353 2.557
3354 7.156
3355 4.51
3356 4.7
3357 3.53
3358 1.289
3359 1.379
3360 1.955
3361 3.792
3362 4.577
3363 3.036
3364 4.639
3365 1.505
3366 1.448
3367 6.027
3368 9.476
3369 21.936
3370 8.064
3371 6.434
3372 3.016
3373 28.176
3374 4.753
3375 5.446
3376 7.78
3377 14.831
3378 0.104
3379 8.332
3380 4.381
3381 7.776
3382 6.259
3383 1.664
3384 9.041
3385 7.727
3386 5.836
3387 9.035
3388 0.89
3389 0.165
3390 10.007
3391 7.693
3392 8.978
3393 2.686
3394 0.008
3395 22.317
3396 9.15
3397 23.692
3398 25.211
3399 1.725
3400 9.93
3401 6.768
3402 24.568
3403 4.366
3404 6.075
3405 5.959
3406 2.403
3407 6.97
3408 3.309
3409 2.397
3410 7.653
3411 0.045
3412 8.954
3413 1.535
3414 6.582
3415 1.645
3416 5.48
3417 6.569
3418 9.257
3419 2.317
3420 4.067
3421 10.366
3422 11.511
3423 23.751
3424 5.293
3425 5.264
3426 1.811
3427 6.343
3428 21.803
3429 53.454
3430 22.317
3431 21.783
3432 10.304
3433 9.694
3434 3.067
3435 7.969
3436 5.402
3437 2.591
3438 11.994
3439 8.128
3440 4.726
3441 6.085
3442 5.523
3443 5.95
3444 0.513
3445 0.012
3446 15.913
3447 3.259
3448 25.357
3449 2.149
3450 0.207
3451 6.036
3452 2.557
3453 2.945
3454 10.914
3455 0.997
3456 5.061
3457 3.966
3458 14.395
3459 10.943
3460 7.008
3461 7.612
3462 9.669
3463 3.452
3464 2.247
3465 4.824
3466 12.919
3467 16.072
3468 3.809
3469 2.646
3470 1.966
3471 6.311
3472 7.215
3473 18.292
3474 0.044
3475 5.225
3476 8.627
3477 20.697
3478 5.584
3479 19.033
3480 8.828
3481 1.475
3482 2.122
3483 4.29
3484 1.523
3485 5.268
3486 3.093
3487 0.54
3488 0.945
3489 14.055
3490 7.339
3491 0.1
3492 6.242
3493 8.417
3494 9.807
3495 0.648
3496 5.028
3497 6.282
3498 6.556
3499 2.625
3500 9.295
3501 3.321
3502 3.057
3503 1.044
3504 2.297
3505 6.33
3506 5.224
3507 4.416
3508 6.477
3509 35.635
3510 5.967
3511 8.635
3512 19.197
3513 2.443
3514 4.114
3515 24.866
3516 0.008
3517 14.555
3518 4.233
3519 0.983
3520 11.817
3521 8.752
3522 4.849
3523 12.405
3524 7.465
3525 1.227
3526 11.57
3527 1.885
3528 2.465
3529 4.15
3530 4.419
3531 3.605
3532 10.489
3533 7.818
3534 6.725
3535 7.661
3536 0.705
3537 2.906
3538 19.015
3539 2.056
3540 7.924
3541 10.162
3542 6.216
3543 5.455
3544 7.353
3545 6.133
3546 1.204
3547 12.722
3548 8.311
3549 1.613
3550 1.854
3551 10.31
3552 5.166
3553 0.003
3554 24.433
3555 11.559
3556 1.114
3557 3.366
3558 3.267
3559 2.71
3560 6.271
3561 15.508
3562 32.772
3563 28.132
3564 0.231
3565 0.459
3566 1.048
3567 3.15
3568 9.258
3569 6.465
3570 4.99
3571 9.085
3572 8.574
3573 1.496
3574 2.354
3575 5.753
3576 4.158
3577 4.201
3578 8.989
3579 2.482
3580 11.164
3581 1.512
3582 4
3583 0.919
3584 6.595
3585 2.693
3586 1.634
3587 3.352
3588 6.621
3589 5.304
3590 34.552
3591 14.151
3592 0.687
3593 2.778
3594 14.872
3595 4.028
3596 5.211
3597 3.964
3598 19.018
3599 15.331
3600 20.074
3601 634.332
3602 2.328
3603 6.05
3604 5.651
3605 7.899
3606 4.639
3607 4.781
3608 23.832
3609 5.636
3610 3.676
3611 7.135
3612 0.001
3613 5.854
3614 6.293
3615 4.512
3616 6.143
3617 3.719
3618 0.873
3619 3.178
3620 3.241
3621 11.357
3622 3.459
3623 15.466
3624 10.99
3625 1.997
3626 3.007
3627 4.417
3628 15.82
3629 13.89
3630 10.336
3631 0.331
3632 7.732
3633 1.211
3634 3.43
3635 6.402
3636 10.242
3637 2.139
3638 2.374
3639 0.06
3640 6.92
3641 2.596
3642 2.149
3643 4.373
3644 3.123
3645 9.823
3646 4.761
3647 22.61
3648 10.94
3649 0.4
3650 4.327
3651 4.23
3652 4.681
3653 16.374
